4118 2674 803 607 2061 2688 3982 2243
1 3315 1 1
2429 968 1599 2309 875 2337 3654
4677 1 1 2577 3143 2635 2364 3982 1
1 3573 1 3982 1 4086 3143 1
4677 955 2029 1 1
4677 3680 3143 2735 3982 4549 1209 3951
2274 1433 4677 4492 4430 3982 1 590 4641
467 1077 467 1
4677 1 1417 2387 1463 2012 3143 572
4677 1 3972 300
4677 1 3199 635 3143 1066 1 3662 572 3982 1 4048
4677 3789 4381 2160 68 1 2381 3390 1085
4677 3789 2030 31 3218 3840 4677 1 69
4677 1858 1 2265 3664 4338 1 1 1 1
4677 4485 3416 3982 1 1 4625
4677 1 2577 3143 1017 1 3982 47 4146
4677 3416 2577 3143 2635 3982 1 2029 1 4490 1 2350
4677 1 791 1
4677 1 3528 2031 558 1 572
4677 1872 3195 670 3365 1077 1954 3982 1
4677 1 572 1161 1 68 1585 2007 1 1433 3285 604
4677 1 3416 1 1 370
4677 3724 3174 320 3143 968 1 3143 1
4677 2009 4091 2728
4677 3365 1 3982 277 1 572
4677 3365 2090 3907 3143 2142 2700 1220 3668 3982 1 2524
4677 1 1 411 517 3143 968 1571 3143 4677 2647
4677 1 3982 1 366 3143 1 1 2061 4308 3982 993
4677 1 4165 68 2482 228 2262 2570 1184
4677 1339 4212 2700 670 2029 2973 968 709 2029 4499 3224
4677 1339 1 841 3083 968 1 1 3143 1
4677 1 2674 600 1
4677 1 1 3668 3143 3792 1 3982 2194 2029 968 3693
4677 1529 1 2533 2834
4677 1 366 3143 370 4220 2061 2635 2387 968 1503 3143 968 1
4677 1 2961 1120 3684
904 2482 1 3982 2135 1 2700 2029 13
904 2482 1 2215 2475 390 1 2623 1 3143 143
904 147 2155 3179 1 619 3143 2941 1175 1 4578 3416 1845 1
2381 1 3982 3090 1813 4625
2381 4142 4048 68 2475 4677 1046 197
2381 1 2031 3003 2770 3481
2381 2244 421 635 3143 572 1 3048 3982 3199 338
2381 1 337 3143 2700 3851
2381 1 1 3668 4385 4677 1 4365 3143 1
2381 1 320 2029 1
2381 3860 841 4716 968 1151 3143 1 2569 4346 1
1 3862 69 3143 968 709 3645 1 3143 968 4028
3688 1 3982 2961 3982 1 1 3688 590 2247 1 13 2980
3688 1698 3982 1 4677 2700 3688 2968 3179 136
1 1 3988 1818 968 1 1 1 1 4677 1 1
1 3982 3936 2787 4649 2894 4677 1 1687 4463
31 1 2031 590 575 279 1843 1 2668 1 2570 218 1
4338 1964 2412 4677 655 2700 31 590 2309 4677 1 1 69
4338 968 1 3143 1 1257 968 1 1218 2309 3506 765 1077
4338 1089 1 2065 3982 1 1
524 968 996 116 1
2288 2482 3576 2309 1
1 3862 881 300 228 1 968 1 1219 968 1 3982 968 1
1 2482 1208 3329 2029 881
3722 968 300 2482 1 968 1354 116 1275 3416
3749 4650 1 1009 1891 4677 1 68 968 1 3891 2892 191 1
1 2309 4332 3688 228
1 1 1 1992
1 2185 3982 1
1715 968 1 116 1077
1 2309 1433 191 4217 2570 10 968 3390 1 1 1
745 31 244 2388
4436 4376 257 3379 3982 1 116 3506 1 4552 1916
325 4677 1678 1 2588 3982 1 4677 1 808 3143 1229 4541
2155 1 191 3461 3405 2570 2049 902 1 2570 968 3668 3982 3328
3154 2309 4677 4264 1 3143 4677 1 2482 3817 1
1649 2482 3629 2309 2585 2570 968 3374 3143 191 3540
4131 2172 2309 3218 1 1 31 1 1 1919
1835 105 3891 1 4385 1 31 1835 1 881 2700
1835 4169 881 300 4677 3814
1835 1 881 300
1835 4649 2573
590 2482 4677 2656 3083 968 1 670 2061 360 854 3982 3600
590 2482 4677 3802 1830 1137 2387 968 3792 826
590 2482 4677 1446 1 1433 2381 3523 1
590 2482 4677 2057 4713 1 3982 2596 4677 841
590 2482 2615 1 1 1 3982 1 1
590 2482 3641 2570 1184 31 590 2482 4677 1 2700
590 1 881 1 1 457 4082 4581 2335
590 2309 1843 4677 1 2570 968 1 3982 2515 3143 968 1
590 2309 1843 4641 3630
590 2309 3485 2596 2815
590 2714 3789 2022 3982 1 4484
1411 1296 1 2309 1
691 1 2482 3629 3688 968 1 1 1 2309 1
1208 4376 968 709 1 1 2572 300 3143 968 1729 3837 13
2848 2840 2570 2049 218 2504 251
4668 3366 3311 1085 3982 1843 968 1443 572
1 1 2309 1
4295 1 1 2247 4234 2968 2402 279 2118 2303 210
2728 2061 4677 634
896 4103 2022 300 1069 2573 906 2381 1263 3143 968 1 3143 1416
1 2309 69 3143 1562 2674 2482 2135 1 1 1 3982 1
1 1 1009 3596 968 1 2570 1452 1 934
2058 575 279 1 968 1 1
69 3143 968 2135 3973 1 3982 1 4723 1 4459 968 1416 3937
1 2309 968 709 2155 2482 667 2029 13 3982 1 2309 1
2324 968 709 2076 2700 1835 105 2129 3124
1 2029 4381 1 1433 300
4072 3982 1 1209
4324 968 709 1421 2387 1 4459 1 3982 1
2911 1 2309 3083 1 4677 3197 1175 2924
1 2482 2524 2309 3218 1954 31 590 2309 1
3724 1 3982 4677 3988 1 3143 1 2528 1112 1411 3347 192 1400
3757 1 1347 1066 2570 1 3936 3327 1 3982 1
1 1 3982 467 1077 968 1729 2873 2309 2826 3450 4376 996
1239 1648 1 2668 1826 3130
1785 1077 1 3329 3982 2886
1785 590 2309 31 1 1391
4486 2092 1962 828 3982 3087 4575 3281 2570 2008 968 1 1042
3171 3982 4213 300
968 1 1 2309 709 3470 1 968 1 1 968 4082 1 1967
968 3493 2309 1 2482 709 300
968 3493 2309 968 300 1 1 1697 2894 667 1 2570 2049
968 369 3143 1 1 2309 3596 1 2482 1 1
968 2337 3831 2309 1 2029 1
968 306 3461 2309 3963 1687
968 306 2700 1 4677 1 3067 1472
968 300 1 968 1 1 68 650 904 2791 2570 2894 1 1
968 300 325 623 4332 996
968 300 2309 4677 1 1 1219 4137 1 3098
968 300 2309 3358 1 968 1 3262 4420 1077 3982 4072
968 300 665 2381 3373 1312 4425
968 300 1742 2061 968 968 1 3982 2243 3143 1411 1
968 2243 3982 1 3143 649 92 116 2029 4696 1
968 996 116 1
968 4588 1195 2894 3987 457 4677 1 2559 1 1542
275 2482 1 1 1 3982 2135 603 1 3982 1
275 2482 1964 3442 2570 1987 1 2061 968 723
275 2482 1840 2570 2056 670 2029 1964 1017 677 230 2570 1
275 116 1964 3430 2865 3982 1964 4131 1513
275 2309 4677 1 1 2570 881 729 1041 1 1 1
881 4641 1735 3606 2309 3891 1423
881 192 1 2309 3688 2388 3688 590 2309 2797
881 2309 4677 2700 2968 3179 1
881 3668 875 2791 1 3982 1293
881 3255 575 1 4640 2570 1 3982 2570 968 3345 3955
1 1 968 1 3143 4552 1852 4338 1 1952 2570 1 2482 1
4463 346 2309 2786 4625 1584 619 3143 968 2754 1 2061 968 1
4156 1208 1 1830 2570 1 1411 1782 1232 247
1 1161 2289 881 3662 4625
1040 4552 1 2309 4640 3517 3982 3453 1
1854 1 3982 2387 3450 1411 1 3218 521 554
1294 2482 2826 1391 413 4376 968 1852 2309 3936 1 2570 1 3249
1294 4677 655 4217 2570 2604 1 1 3143 3285 2656
136 4677 4203 2165 1 1 1 1 2723 973 1 2482 4666 1191 2243
2309 69 3143 881 4028 2482 467 709 1845
275 2309 4314 3654
4677 1 3197 3982 1 1081 789 4625
4677 1872 104 2029 1411 1 4217
4677 1 3982 3477 4513 3255 3143 968 1945 1 1 1532
904 626 2570 1 24 1818 881 2043 3579 4425
3471 1009 723 4677 1 1
4095 2482 4197 3275 3982 1 2551 2049 590 2381 1 4048
2076 2296 472 1 1 3982 1400 1
1 2714 4677 1 1288 2387 968 4197
1 2482 2135 1 300 4459 968 2119
4677 1 1484 4625 1433 1 2061 968 1 3143 2300
4677 1 1 1 1 4065 572
4677 1 300 2387 4392 1192 346
4677 1 1 2524
4677 4189 1312 2387 968 2688 3688 1797 3688 968 3524
2381 898 3510 4177 2346 2700 4103
2381 3860 3268 3143 3084
626 2570 949 1486 2029 1730 2570 3632 2623 2570 968 1 412
69 3143 968 390 1 984 3143 968 4177 1 3972 1 4103
1 2262 3982 1 1059
968 4181 3143 411 68 848 2635 2570 2894 3936 2787 1289
3564 1512 1818 968 300 2968 1585 2573 1 3982 1 2570 841 989
4677 3112 300 2061 4677 390 1 1
4677 4641 1 1066 366
4677 4641 1 1161 4048 4376 2635 3982 1 2029 1
4677 1 2860 3143 4581 3084 1 1 3982 1
4677 1 1 4347 1 1 3143 1 1551
4677 114 1 3982 1 289 3085
4677 1678 1 1 1715 968 1 1
4677 1 4385 1
4677 2337 31 1822 572
4677 1 2700 1584 1 1611
4677 1 1 31 1275 1 1813 320 3143 38 1464 3982 1
4677 3745 1 1 1433 300
4677 473 3668 68 984 1715 1584 2699 1702 1151 3982 1
4677 572 68 2309 1 1 3982 1046
4677 572 68 1 3982 1 2570 968 1 3143 24
4677 1220 2700 68 4131 4387 279 2894 968 1 2570 2049
4677 3789 3893 4376 968 1729 1916 3143 1 2482 1 1 1
4677 3789 1 4625 2061 1081 1852 3982 4677 1 3416 634
4677 907 31 1 2577
4677 1 1 1
4677 1 1 1498 1639 289 4393 1715 2245
4677 3920 3199 2142 2700 68 1823 1 1
4677 1 3982 1 2375 2061 69 3143 1 2482 2135 1 1335
4677 1 1 3143 4677 3888
4677 4094 383 3982 1 1 3668 4376 1 2029 4677 1785 3972 1562
4677 1 2388 3907 3143 1 2264 4625 3982 1 1 3680
4677 1 2244 300 1 1479 3982 1 574
4677 2388 2031 1 1 3143 4677 2700
4677 2388 1 2029 968 1 3143 446 1503
4677 1 3982 1 2493 3461 3143 1 3982 1 3249
4677 1 1 1057 3143 968 1 3143 69 1 851
4677 300 2029 4677 1 2061 1 1 2482 1 3854 968 4234 835
4677 300 3143 3958 3982 1 192 1749
4677 300 3143 130 4272
4677 300 68 2482 2770 3982 3329 2029 1 2431
4677 300 68 4649 1 968 3967 3792
4677 300 2061 1 1 1 1 4338 4677 1 3792 3668
4677 2770 31 4091 4048
4677 1 3982 1 1 3792 519
4677 1455 4376 218 1 1356 68 2309 279 1377 464
4677 1 3143 4677 2700
4677 1 3982 2022 4427 4165 68 325 4426 2570 3225
4677 1 2570 2198 1620 1836 4640 4352 3982 2674
4677 4680 300 2029 2381 3331 1293 300 1 3982 2596 968 841
4677 4264 2577 3143 4329 3982 1749
4677 1 4189 1 4118 968 370 3143 4677 1659 3982 1 1
4677 1 2577 3143 1 68 2309 2004 2570 4339 1931 4103 1
4677 1 1 1 3982 4677 1 3668 3143 1 1356
4677 1 1 3143 881 2128 1 24
4677 4342 841 3083 4256 1 1 2061 3725 1 2243
4677 2533 4307 2623 1 2482 1
4677 1 300 68 3891 2641 1411 431 2570 1 3982 1
4677 2280 3982 4027 1057 3143 2840 1 1 3179 1 4677 3792
4677 1 300 2387 968 3634 1
4677 1 1 3143 2635 68 1 4677 467 1 1
4677 1 1 1 1
4677 11 1433 237 3982 777 1 2309 1 4601
4677 1 791 1 4385 968 2139 3813 2570 968 1729
4677 1179 31 590 2482 4677 4034 1179
4677 3438 1 2031 1 2521 3143 4677 3477 4307 3768
4677 1 300 2061 1444 1941 4385 1 600 1 2265 1
4677 1 3281 31 1 3416 3888
4677 1 1046 2700
4677 3416 2031 1341 1
4677 3416 3982 1293 300
4677 3416 1 4376 968 1 3143 2322 4170 2985
4677 3416 3668 3143 52 3982 968 1443 2323
4677 3972 300 4385 1 1118 968 427 600 2309 228 1602
4677 3049 1 1 3143 453 1 1 3982 1
4677 1 1 1 2692 3890 2348 300
4677 1923 11 1433 968 934 68 1 2788 4385 1 1
4677 3528 366 3143 1 411
4677 1338 1 572
4677 4072 572 68 665 446 2387 1436
4677 1 3143 2381 1
4677 1 3143 3178 1391 1 590 2482 3710 2570 1
4677 3506 4173 1 1 1 3143 4677 2700
4677 1 1967 3988 1818 968 467 1 3143 1 24
4677 3453 1 1 68 1 1 4649 1 1942 2029 4677 1
4677 130 1 3680
4677 1275 3416 841 730 3083 1294 590 2247 2570 2573 1 2029 1
4677 1 4230 4385 968 3102 1 425 1092 3083 968 1 3601
4677 1 2861 1 1220 2577
4677 1 2570 3453 729 4345 3982 2309 1 3792 4025
4677 1 3668 1797 4156
4677 2050 31 1377 1 1 3143 435 1 1
4677 3724 2524 3143 4395 3982 791 1
4677 1 1 68 2309 3450 4376 4677 1 1 1687 4463
4677 1822 31 3171 300
4677 463 3174 572 68 1 4385 4677 1 3779 4425
4677 1 4256 1795 2700 775 3218 2029 4677 4217 2198 4387 2477
4677 1017 2700 2061 4677 2192 1
4677 3365 3789 4625
4677 3365 1 3982 1170 2337 3662 572
4677 3365 2533 2277
4677 1 1813 1161 300 4385 1 1
4677 1 3461 1 3993 3982 4255 2534 3143 4082 2656 1
4677 1 2142 2700
4677 1 31 1 3982 927 467 2057 366 3143 1 2006
4677 1954 4017 2297 320 3143 4238 4272 3982 4108 1
4677 1 4212 2700 670 1077 217 3982 1
4677 264 1077 2700
4677 299 1 68 4106 2968 2876 390
4677 1 1 300
4677 1339 2346 2700 1 3285 1
4677 1 2244 1 3143 1 3345
4677 4347 4027 264 1 421 572
4677 4347 1 1786 1220 572
4677 1 3982 1 4625 4376 1
4677 2929 1 3143 1
4677 1 366 3143 370
4677 3680 3143 3453 3746 3982 1 2688
4677 1591 1 2577 1 2061 893 427
4677 467 2495 1
4677 467 2337 3982 1077 2700
4677 467 1687 300 4356 2029 968 3113 2165 4677 3130 2335 2573
4677 1529 3982 1 572
4677 1 300 3143 4677 1 3150 1
4677 1 366 3143 1 2524
4677 1129 188 1 3888
4677 1129 2834 1 2061 1830 472 3982 4541 2387 3083 1688 435 4436
4677 1129 2834 3143 4677 2700 68 553 1 1
4677 1 3982 3588 1 370
4677 1 1 3662 572
4677 1 1 300
3740 2570 1 3103 1818 4677 1 677 3143 2832 3084
4376 3688 2192 4677 1 3688 1885 1286 148
2521 2309 1644 3329
3450 2029 3450 4677 655 1821
1
2381 1 1 1401
2381 1 1 2524 68 2482 1 2570 4647 1 3470 1101
2381 1 1 3982 1353 3888
2381 223 1 2087 2061 558 1 4288
2381 2223 1687 1 1443 2160
2381 1 1456 3982 1 1 370
2381 1 3982 1 2931 572
2381 2735 4332 3982 1 1 366 3143 2674
2381 1549 697 2700 2061 4677 1110 68 3891 1 607
2381 4027 4714 2076 4625 68 1 4677 2176 3143 1659 4541
2381 4091 3982 1 1 3888
2381 1 4524 3792 572 1 3143 1
2381 2244 3907 3143 80 4625 3982 1 530 68 2335 1914 3084 2012
2381 1 1 68 2482 3453 411
2381 1170 3630 1275 1 1 4625
2381 1420 4420 1498
2381 395 1077 927 1 841 3083 24 2029 1 1
2381 562 3982 4677 3189 3143 1 1 3629
2381 1 1 3255 3143 968 2303 461 2028
2381 1 3662 4048 3143 4677 467 1 4181 3143 1730
2381 1072 2533 300 4376 69 1175 768 2482 1
2381 1782 1037 31 2043 2034 3112 1220 300
2381 1 3171 3668 3143 1
2381 1 1209 1 3143 4677 4082 1 68 2309 985 3124 1
2381 1 841 3083 968 1562 2482 1
2381 3090 4213 791 1498 68 575 1411 636 1
1826 2244 4165 4385 2606 1
1953 968 709 4310 68 4280 325 3315 2029 13
1 1 4677 2160 3143 2350 1 2029 4677 1 3143 130 4395
3688 1 3982 1 3688 1 1 2482 4082 1 1 3982 1
3688 1479 4338 2911 1 2216 2309 4677 1 1 1
3688 1 3982 2057 3688 619 3143 4650 2300 2482 1792 791 2899 686
1 146 3982 3499 1112 2061 1 4395
3083 1 1512 590 1208 1 3945 2061 1 3982 4171
3083 1411 2135 1382 881 1041 2340 2309 68 1 1
3083 4540 1 1 3982 1 1
1 370 1 1865 2429 1 3197
1 2570 1184 3982 4437 4677 1678 2215
4641 2779 3982 1 3090 1 968 1124 3143 968 1484 1
4641 1 968 3668 3143 1 3982 1 590 2381 2029 2381 1 1
2274 457 4677 1 31 3332 1411 1 3668 2061 4677 1
1219 1 3143 1 1 968 3668 665 4677 1 1 3143 1
4695 3748 1 4677 1 1 1219 3540 1 1077 3982 1208 238 1
1 2061 4137 3991 1 2341 996
1 1830 1077 3328 3982 3724 1 2570 2573 3438 3174
1 2570 184 2570 640 2824 2387 4677 1 1531 4463
1 1009 4677 3629 68 2309 1
1 3982 1 1 2635 3668
1 3315 3982 1854 91 1 2309 2381 1 300
2141 1
1 1 2570 2381 2392 4656 1 670 640 2482 109
1 324 2374 3143 968 1877 1141 2029 3489 1 2061 912 1703
31 590 575 2894 69 858 1
4338 968 4242 2968 2402 279 1743 31 1452 4177 1 4103
4604 2714 2381 4393 31 701 4264 3684 4716 968 4197
3179 2573 1 3688 3453 1 3982 1 670 300 3688 613
1 968 3725 192 472 3143 69 3143 218 2135 229 4256 1
1 1 968 1 3143 191 1066 4460
1 1 1 1 1 2061 1 1
2966 116 2968 4592 279 1453
2337 3982 1 590 2482 1843 2043 2463
1 2029 1411 2379 1 3143 4639 2930 1 1 1
2288 754 3574 1 3143 968 1 1 3143 1 2061 1700 4024
1002 1 3982 4213
1689 2073 1964 4296 2840 1 934 1901
1 2309 1584 4677 1 4677 4213 1858 3684 4385 1 1
1 2924 3471 325 1428 4090 370 3654
4451 3220 4677 2533 390 1 31 590 3891 3905 2029 1 4453
1 31 1 2061 2826 1 996 4338 1 1 3982 1 77
1 2061 1 3982 1 2061 4308 3982 472
1 3749 1 2387 416 968 732 2535 3668 3982 4578 590 1452 2861
1 2968 346 2029 4492 3202 1715 2031 1 3215 590 4307
1 2482 4542 3982 4626 1 2387 1 3982 2014
1 1 968 1 278 2570 191 1 3688 70 1
1 1077 3982 221 2034
4119 4385 1809 2605 2061 1411 1 4677 2533 1798 3982 1 4677 1 3668
3988 2804 3982 4677 1 1 1 1 346 3143 1635 3813
3485 2596 1 1512 3143 3285 4463
1 2172 4151 275 2482 3477 2570 4579 968 300
2475 390 2623 1411 1 2008 3143 1 1
2475 1 1 1 3143 1 4121 3982 4223 1
1 968 4393 4272 3143 4189 1 3951
2448 4677 3113 3143 1 520 2570 1 3688 4677 1 2029 300 3084
3722 1411 1 1400 881 2309 4677 2706 1 3982 4264 300
1 1 984 3502 2498 3143 4677 1 1 2029 3585
1335 1 1 3982 1 1 2894 2007 324 4677 1 1 1
1 31 442 1 3888
575 4365 968 4217 2387 1 1 1156 805 4677 1 1818 1 1
1 1 2482 1 3494 575 1 3688 590 2335 2573 1428 1
1 1 1 968 2257 1 2029 4677 1 1
3890 69 3143 968 709 3982 2135 3857 1503 3143 968 4028
1 2012 4451 4440 1 2387 390
898 1 1 3888
1 3982 4656 1077 3888
1377 3604 395 1 3982 927 1 1835 3225 2244
3547 1 2482 1 3981 1 426 1 3982 4258
1 2482 4332 3461 3982 1 3993 2049 2387 4677 1 1 2030
1715 1 968 1 1 1 1015 1791 3891 1734 3015
1635 1058 2482 3668 2309 1294 4412
3232 4376 968 130 3390 2309 1687 1094 1411 3576
4224 1294 1411 2676 4157 1 2522 3982 244 2337
4090 996 4385 1 1 3982 1 1 1 881 4094 1 2728
1 31 1 1
152 3982 1 1 968 300 2309 395 1
1 2482 1 3982 2135 1 2700 3143 4499 13
334 1 3982 1
300 2402 279 3840 1 1411 3414 1110 31 3898 1 1077 1495
4436 116 3281 3143 2533 1973
2387 2941 2029 34 3143 4426 289 1 2309 4677 4485 1 2577
1 3982 1 116 4170 3991
4385 968 1423 1 1 3143 1 1 1090 4677 1 1066 1
1 1 1 968 1 2264
1077 217 139 3982 1 3662
1077 3982 1843 1 1584 1 2570 1
1077 2029 4677 750 1 3031 3143 4217
1 3982 968 4043 4417 1743 2049 968 1 4425 370
1 4017 3982 1
1009 2381 3373 2083 2570 968 3112 1220 3955
1687 996 3982 4677 2861 1 4491 2049 1943 2029 3074 2596 2815
655 3720 1 2031 2968 4423 2029 4677 3401 1472
1 3982 2598 4491 2570 968 1 3662 572
614 188 1 1
4440 4677 300 68 2062 3945 1635 2656
325 2381 1 426 1 2265 1
325 1411 2008 3143 1 3301
325 968 1 3143 1 4230 3982 3517 4146
2155 2714 2968 1 68 3988 4223 1 3179 2573 2780 4677 3641 1
2155 1 2052 3688 1885 1 1 968 4398 3143 3936 1
172 1 4484 2387 1411 3039 3958 157 1 3982 655 3165
191 370 2061 4417 2309 1499 912
1 3982 1 938 996 3143 1 2208
1835 1131 1184 4552 4137 324 210 2029 4677 3972 1 1995
1835 4451 279 4579 881 300 390
1835 2894 279 440 68 614 2029 13
1835 4146 968 2700 2309 1 3124 3982 1 2061 1 1 3982 1
1835 457 590
1835 457 881 2700 4677 3814
1835 4169 590 1962 590 2247 1391 2615 3238 1
1835 1 968 841 3143 881 300
1835 1644 2402 279 4579 590 1830
3775 1 1 1 3688 2381 1 1
2031 1 4451 1 881 2309 1 1294 1885 1131 841 457
2031 881 2700 4106 2968 1 590 1843 4106 2968 1 3424
2031 2968 3179 1 1411 1 3982 1 1 2826 2309 1 1687 2262
2031 2968 1 607 1433 2906 670 2968 1585 2635 881 2700
2031 2968 457 1 2968 1585 457 1
2031 2968 2635 112 2968 1585 457 590
1 4244 1942 2309 69 3143 2941 1503
1 1
1 1 917 1433 4677 655 1714 3982 269 1443 3540
3860 4640 3688 4677 4568 320 3982 3688 4677 1379 2635 3668
1 2262 1 217 697 2562 3982 587
1 1 3982 1 2061 4677 1 3143 1
590 1585 1 2968 1 1 3982 467 375
590 2482 4677 4524 2700 4376 1946 2968 3179 2002 1452 1687
590 2482 4677 1 1 300 68 1 2381 1128 1 576
590 2482 4677 1 2128 4352 1 4338 1 2482 1259 1989 3202
590 2482 4677 1 574 4510 300 3143 3958
590 2482 4677 1 2700 4376 2788 1889 2350 116 2880 31
590 2482 4677 1 1481 3888 31 4677 655 69
590 2482 4677 1 1 1 4625
590 2482 1 3174 2128 3982 1
590 2482 3450 4677 277 2018 1687 4463
590 2482 228 1 2570 1184 1 968 1 3083 370
590 2482 2262 1 3982 1 2225
590 2482 1077 1 2986 1 3982 4641 3499
590 2482 1077 3982 1443 3982 2826 3506 765 1 3450 3083 4540
590 2482 3438 2244 4170 2031 2968 2634 874 2029 932
590 2482 1684 4677 104 2570 1184
590 2482 3891 1423 3982 228 4252 1687
590 2482 1964 1 670 2192 4583 3838 2309 4677 1872 1
590 2482 1 2570 1289 4677 338 881 3365
590 2482 1 574 2061 381
590 2482 264 4173 1499 2387 4677 1 2000 2029 4677 3719
590 2482 1911 4493 31 1843 4488 3588 3845
590 2482 68 1687
590 2482 467 1 3982 1 2429 228 2791 2570 1 4677 1
590 2482 1529 1 3982 3218 2207 2387 2787
590 1 1 2029 4677 2360 1 3982 1 4076
590 1 2968 2029 968 3920 3982 1 2968 1 2387 1411 1
590 2309 4677 115 300 2031 3218 228 4677 4549 1 69
590 2309 4677 1007 3668 4156 2061 1
590 2309 1 1 1112 1 3262
590 2309 3840 4677 2515
590 2309 1 1 4376 1411 1852
590 2309 275 2570 938 2052 4677 1687 4463
590 2309 607 2570 2968 2570 1 2031 2968 3338 2570 1289 590
590 4252 1 1 3083 1 1209 1
590 626 2570 1 4338 1433 1 328 2482 1046 2183 2387 1 572
590 1697 1843 2573 968 709 1702 572 4376 1 1 2129 3281
590 1 24 3688 590 4252 2029 968 2205 3143 2322
590 1 2968 989 4677 1 210 3982 3840 1 3083 1208 68
590 1 968 3668 590 1 346 2570 960
1411 4488 1 1 2436 1 558 4385 2381 1 3982 1 2435 3668
1411 3749 2482 2135 3234 1120 2387 2374 4463
1411 4027 1 2309 1 4338 413 2853
1411 1 1 3668 1 1818 3285 2688
1411 1 3982 1 938 590 1700 197
1 2309 228 2073
1 1 2482 300 2309 1 1698 4094 2057
1208 2840 4552 2497 1 1697 2410 2968
1208 1 1830 2570 1 2968 525 1584 829 3954 2570 1 2968 3070
1167 3874 1236 4283 3688 4173 1 1455
3254 968 1 2309 4677 655 2030
1 2482 3629 2309 4677 1 1
1 3982 1 938 1294 1697 2573 968 996 3143 3936 1
1 2570 968 2135 1 300 3143 968 4028
1 2482 1 1 2714 968 3034 3354 1659 277 2623 4474
1 2714 4552 2350 1450
3959 2381 1057 3143 1 2623 4677 1 1818 968 1 3143 237 3596
3959 1 3982 390 1 2623 968 1780 3255 4642 3654 2029 1
24 1433 968 1 2309 1964 1 881 2160 147 2968 1831
1 1 3143 1 3390 1 457 1 1 3083 1688 830
457 4677 1 1481 1 1 2309 1 2029 2570 1411 3693
457 3450 3143 2403 2482 370 1633 2309 1 1 3982 1 1545
457 1411 3764 1145 590 1 218 3509
457 968 1 165 3143 1 2006 1 1 300
1 2309 4677 1 1 3402 3143 1 3859
3319 2482 3993 325 3891 667 1 2947 390 1
2714 69 835 1 2704
1 3660 3506 3477 2475 1433 68 3978
626 2570 2573 1 3982 1 3083 968 1622 4463
1 4718 4677 3604 1 1433 2527 2572 1455 2028
1 2244 3982 1 1 3888
1 2309 390 1 2601 2623 2129
1 1 2309 1 2570 2843 1
563 2387 980 1426 2012
1 2062 3083 300 2061 1 2804 3982 4677 2515 4640 1 3982 2917
1 1077 3982 1 4342
390 1687 2623 655 31 1 3982 1 2049 590 370
1 2448 2381 2231 2285
2565 1 1 1 1 3688 2381 1293 1072 2507 2029 4112 2674
1684 1 881 1 2160 2874 3596 1418 1 1
3477 3143 1294 4084 1289 2309 2132 31 590 2482 1843 1 3707 1432
1091 2309 4677 1 1 2570 1 1161 4436
1 325 4677 1338 4217 2061 4677 1
1 1 2714 590 4677 1821 2596 1
1964 2740 4677 300 2623 4422 346 3982 4422 346 2247 244 2337
3218 3688 1687 3688 968 3074 4241 31 4677 2826 4332 3205 425
3218 4058 1503 2894 68 4181 3143 1 1433 452 4552 1916
3218 968 709 3462 2324 31 1 3462
1 325 539 1 2061 968 3034
665 4677 1 1321 1818 4524 3730
665 4677 78 841 3083 4677 1 31 2293 1 2029 1
665 2381 3860 841 3083 968 1 1 2205 3143 1
665 968 1 3143 2569 1 4576 2061 1 996 3982 1 1124
1433 1411 49 2192 1658 4451 2573 2173 4677 1077 2533 300
1433 1411 49 3422 3779 3468 881 1 572 2309 1034 3840 1077
69 2402 279 1 1411 1 3982 1730
69 3143 968 709 1 1 2129
69 3143 968 709 1503 3143 968 4028
69 3143 968 1 2135 1 3982 1293 789 1503 2129 3281
69 3143 968 356 4436 1835 105 2129 3124
69 3143 968 2135 4485 3171 4436 2570 148 3945 2029 3840 2374 4463
69 3143 968 467 709 1503 2129 3281 4376 968 24 3143 1
69 3143 968 4028 2482 2135 1 4027 3982 1 1066 2767
1 325 4677 1872 509 2482 2628
1 1411 1727 1 2061 4677 3724 4310 3982 4332 996
1 2482 425 325 968 1 3982 1 3143 2381 4170 1 2927 2700
1 4103 3629 2309 1819 3982 2706 1
996 3450 2385 116 1 2061 968 4137 2853 1 1 996
1 2061 1 1 3982 1 1 2429 1843 378 1
1 1009 4677 183 3629 3074 3143 3988 3505
1 1 575 2894 1411 1
4135 4677 1 3143 4488 1 1 1 2309 4640 1 3982 1
4072 3489 3606 4376 3343 1 3982 1
479 325 2826 1428 191 1288 1
3506 1687 2533 2700
1 2309 69 300 68 2482 1591 4139 3143 1411 2231 2285
1 4677 467 3416 3982 212 4243 2570 968 789
3840 1644 4677 1 2570 1184 3982 670 4170 670 2570 1 2570
1 665 1 38 4625 2061 1 3143 1 2243
1 1697 2573 4677 2770 300 31 590 2309 3502 2031 3218 4034
985 575 2440 1 2507 4467 2440 1 3034
1
1 1 3477 3143 968 300 2061 4677 3067 3982 1 3629
1 2244 3982 1 3143 619 1884 3143 1 1
3998 2061 968 1267 1 2243 1 346 3143 3388 1356 3982 2353
1 2482 3086 116 1 1495
1 2482 1 1 1 1818 968 1 1375
4517 1433 968 3453 1 3143 1 2482 3629
2911 1 2309 2029 4677 2332 3329 3688 968 1 1
1 1 1 2570 968 1 1 1565
1 1 2309 1201 2029 2374 2388 370 1433 2277 1
1 2475 4677 1339 3629 2029 881 1 1 3143 4677 4082 1
964 2309 1208 521 1072 2570 2573 1
1289 590 2387 191 3629 2031 3502 727
1 1077 3982 2029 968 4242 467 1
3757 1 4552 640 2482 3509 4234 2920 2387 2668
3757 1697 3218 2573 1872 31 968 4489 116
3757 3771 1 2061 1 2145 3982 4677 1 1561
1822 31 1 3888
3365 1 1 3143 968 2231 1 2843
3365 3982 1 1 1 4376 69 835 2309 4677 1017 1
3365 3982 2262 31 4666 390 1 2623 590 2309 1
1391 4451 1175 1 346 1433 4677 2346
1262 1 968 4583 4385 968 1 300
1 2309 2388 2029 968 1238 1
1 31 442 3789
1 1 4376 968 1 3910 1219 4581 3982 24
1 1 2704 3143 968 3102 1248
1785 3982 1 300
4486 3688 4677 4607 1 3143 4677 1
183 3295 1 1 682 1 2482 4542 2049 607 2387 4677 2797 3192
264 3197 3982 1
1 217 1077 3982 1
1 1 553 1 968 1 1 968 2119
1734 4677 1698 4425 3982 1 590 2570 1 1
375 1339 1 2262
1339 369 3982 1 312 938 3450 435 1354 24
68 2029 3596 2309 1420
968 1 1 2247 1 2968 2402 279 2734 3285 1356
968 177 3688 4065 572 670 1 4387 2894 1 590
968 1 2482 1 1 4677 1 2570 1 2387 3749 1 1
968 2771 1 4103 1 968 1 1818 2381 4393 1
968 4158 1042 1 968 3311 462 3143 1 427
968 1 2309 4677 2577 2596 1
968 1 1 2309 390 2262 2623 1 968 1
968 1 3461 2309 1
968 4641 1 1 1 2309 1698 31 1
968 709 3143 968 1 1 1 1180 4436 2570 2346
968 1877 3994 2061 881 2700 2309 68 590 2482 3218 3771 748 1830
968 2983 749 2309 968 366 984 1
968 3461 2062 1112 1715 3470 968 2700 575 279
968 3461 2475 1584 2319 968 1 3668
968 1852 116 390 4094 1436 1112 2623 2029 2135 4177 1 4103 4436
968 1 2309 68 1835 1591 528 2135 3143 1684 1 2161 1835 1
968 306 3461 2309 1 4170 1
968 300 325 968 3039 3143 1411 3278 3982 4090 996 1433 1411 1191
968 300 2309 4677 467 1687 4484 4012 2387 1175 640
968 300 2309 4376 968 1 277 2623 4376 968 1
968 300 2309 1 3982 4066 2029 3450 968 4234 2452
968 300 2309 3074 3143 2215
968 300 2309 2034 4376 1217 2482 3065 3982 3084
968 300 2309 69 3143 968 4028 2482 709
968 300 2309 154 2029 968 1 3820 3143 4677 4641 1 3634 1
968 300 1 968 4489 4385 968 826 670 3688 2031 4338 1 1
968 300 4447 3656 3313 670 3982 1 4091
968 2139 1180 2700 2029 1 68 2309 279 3186 2262
968 3515 116 4656 4677 1656
968 1 3982 1 3143 3207 2482 1 406
968 3817 1 3982 1 1 4649 1 748 3110 881 300 325 1
968 2135 1 2635 3668 2029 13 590 2309 4677 655 300
968 2700 2482 1190 670 1 2915 2387 968 1 670 2309 264 1
968 2700 2309 4677 1 3143 3038
968 2700 2309 2193 31 590 2482 4677 1 1
968 2700 2309 3329 2826
968 2700 2335 2573 1 2061 1 191 1
968 3986 2676 1066 1 968 4625 68 1009 1 1 2570 881 1
968 2368 3143 881 1 1 116 1 3982 1 2061 1
968 1 116 1 968 1793 4038 3982 968 192 844 1 1
968 1290 3831 2309 2381 1 2861 4433 3143 1 1
968 996 116 1 1687
968 2160 4517 4677 1 1 1512 31 590 2482 1964 1
968 4425 3143 70 1106 2309 2461 31 3141 1
968 3295 1 1 3982 1 116 1644 1
968 1703 2031 3218 4213 116 3083 1688 3860
968 1 996 4338 968 391 1 3461 2049 2635 4677 1 2570 1
968 4310 2309 3365 3982 3920 527 1 2387 1017 2035
968 2050 4310 325 3327 31 968 4417 1985 607 968 1105
968 1 3143 968 4217 2303 325 1603 4155 881 1191 3143 1
968 3668 927 1734 3015 3982 1 614
968 4332 1288 4296 754 2570 1 1495 968 300
968 1 3782 2309 1797 1428 3982 1 2309 4677 1 104
968 769 2309 1432 3982 968 3461 2309 413
275 2482 4677 3814 2570 4579 3987 2134 3865
275 2482 1964 2704 2160 3143 1620 2355 1 1
275 2482 4426 4376 4677 1 1 68 4172 452 2165 1835 42
275 116 1973 3143 1 2570 2573 2338
275 2309 1 3654
275 2309 1964 1 968 4272 3143 1 2482 300
881 2192 1042 1 325 4677 1687 1 4666 4385 3540 4677 1
881 2337 1 3972 1 1 3143 24 3982 2635 325 1411 1
881 2337 31 1822 2577 325 4171 1561 3982 3860 1852 1 1
881 300 3179 2092 4365 968 4217 670 31 1 644 2387 881 1
881 2309 1 1747 2387 4677 3814 3143 1 1
881 2309 4677 1 3315 1 3630 1 4048
881 2309 4677 893 300 4677 1 1 2265 3664
881 2309 4677 1 2572 1455
881 2309 4677 467 1077 1 300
881 2309 390 1 670 3540 1872 670 2623 2880 3124 1433 2496 991
881 2309 1684 1 3851 1946 2309 3450 590 2791 1 2570 2573
881 2309 69 3143 968 3918 3520 3143 4499 13
881 2309 69 3143 968 4028 2482 709 4436
881 2309 3453 3857 1
881 2309 4393 1 2674 68 2482 3688 2244 3688 590 2309 1
881 1697 2573 3594 2482 1 300 4459 968 4097 1
881 69 2309 1197 4677 3701 1 300
881 1 4131 2063 2309 390 4027 2623 968 3102 1 4131 1
3248 3218 2387 2419 968 570 2309 4677 1 1321 2596 416
1 3982 1 2031 1843 2043 1
1 590 3450 989 2387 968 516 4250 3143 2635 2482 1 3542
324 990 2216 1 2482 435 2776 1 4677 3197 3982 1 1 1
1 68 4451 2049 4677 1 1 527 31 1695 3143 4489
1 1650 1 2387 4723 1
1 69 3143 1837 2482 1 1 1818 4677 3365 3972 572
3288 1 1 4677 1 1 3275 3143 1 3654
1 968 1 2700 2129 3281 4376 1
1341 3491 31 4656 1 4270
1341 31 4677 3814 3143 2262
1 3982 4656 1 1 3962
1 2029 4677 3719 3143 632 1 1889 1351 2036 2309 1
1 3606 4486 3688 1 1 1103 3143 968 1 4267
467 1797 3315 3982 574 2061 2523 2208 3982 1 2387 1411 826
467 1 3982 467 1854
1 1 3982 4641 496 1 2309 4677 1 2387 968 3880
3358 4091 943 1 1 1 3982 3594 1411 1 2061 278
3358 1 3982 1 414
1 1 968 2078 1191 3143 968 1 1 1219 4137 952 640
4084 4423 2988 2029 4338 968 3920 1
4084 1901 2381 1 3143 2192 1 1 3084 277 2623 1 590
4084 4126 968 1 527 3982 881 2700 2482 1331 590
1529 3839 572 68 2482 3485 2381 1 1451
1294 1835 3833 1835 528
1294 4677 1 3329 3982 2244 2700 881 2309
1294 590 3905 2029 4375 590 2714 607 2387 2029 2688
1294 2714 590 2596 1040 2309 1 2482 3629
1294 2714 968 2700 3430 2309 1411 2644 1
1294 1 968 300 2309 968 3461 1499 968 1 3599
2161 145 4298 1 968 3668 968 640 1
2161 968 3668 2482 1 614 2570 3377 1 2482 4693 4453 1
1 2874 968 1 3143 38 4564 2029 3450 3143 3936 647 3982 1
1 3424 3982 1 1
1 1 3982 1
1 1 1151 3982 2381 3857 3192 2049 881 2381 1 4091 300
984 1962 1 575 279 2724 3939 2947 4294 1 968 826
2596 4677 841 3688 4677 4646
2596 4677 4005 1208 2387 1265 2570 2573 390 1209 2623 3285 223 300
2596 1 2387 1 4103 1 3982 1 1238 3629
2596 2815 1208 2387 1 3982 1
4211 1391 1620 1 1 1 4451 2573 1391 1
2968 1585 4242 607 1
2968 4423 3218 185 1040 3084 2968 4423 1 4338 590
2968 3854 279 4126 2570 3924 968 1
2968 1184 2387 68 3275 3143 1 968 2533 3314
2968 4592 279 4224 2816 1294 2482 1 31 2968 1585 2573 1 1
2968 4592 279 2894 619 1658 2187 2787 2570 1 607 4552 1
4177 4500 14 4103 1 989 2061 968 1 2700 3143 968 4713 1
4677 2388 3662 572 2061 1840 3143 782
1 230 2570 1411 3461 1411 1 3982 1411 3199 1
4677 2057 1
4677 4332 366 3143 370
4677 4189 3358 1 370
3083 1688 571 2309 4677 1872 1
1 1 31 590 2482 3954
968 3321 3143 3450 1061 2309 1644 4677 4607 3982 2057 4048
4677 1077 2429 3920 3982 1 4317 3143 1 3982 1
4677 1687 300 68 1195 2894 352 968 3000 2029 968 992 1
4677 3197 3085 3982 69 3143 968 709 4436 3143 968 4028
4677 1 1 4625
2381 1 2961 572 68 2448 390 2623 4677 4442 1
1 1 3982 1 1077 300
4451 3890 2573 906 968 709 1 300 3143 763
626 2570 3351 4677 1 3431 3143 1 2262
69 3143 968 2135 2244 2086 1503 2029 1
3840 1687 3083 1 2374 1687 1945 1 1
2527 2648 1 1 1 2014 2061 2533 3972 1
968 3192 1 2668 1818 4677 1209 3613
984 1433 2374 1582 3982 2309 524 2596 2815 3083 1688 4540
4677 1 314 2570 4677 4463 748 579
4677 1 300 1698 2029 1 31 1 2061 1443 3262
4677 3873 2387 1
4677 2523 3982 1077 370
4677 1 3982 1 320 4376 1 3982 1
4677 2337 3982 1077 3668 3143 1276 1 3982 4677 1276 1 3910
4677 3789 3668 3143 1 4308 3391 1 1
4677 1 3143 3168 411 2598 1561 3982 1 2994 1
4677 4285 3662 2577 2061 4677 2083
4677 1651 3991 3982 4677 1591 1 3982 4677 4094 1 300
4677 1 531 572 4376 4677 48 829 2803 3083 1411 1
4677 1013 1 3795 3255 3143 1 2482 3792
4677 300 2061 4677 655 4425 31 2092 4677 655 4425
4677 1 1 1472 366 4677 1 3143 1 1124
4677 1 4625 3143 2381 1 1 1620 1 812
4677 4637 2244 572 68 4252 3083 1 1 1509 254 1
4677 1077 1 3982 3416 3888
4677 4292 2700 2061 968 1 2570 2410
4677 1 3982 4091 1066 320
4677 1687 613 3888 4324 69 3143 968 709 4459 968 1729 1
4677 655 1 366 2570 4043 1 4436
4677 2757 3888 68 2874 2840 3988 968 1 1 2029 1 1
4677 1 2727 3143 4677 1813 1
4677 1 4625 68 1 4118 3112 1
4677 172 2073 1 2533 3668 2061 4677 3171 1 2570 590
4677 1 1 4322 2029 1 1 2309 4677 1195 2387 3955 2012
4677 3814 1 2623 3285 223 1180
4677 1 1 4131 1
4677 1 3982 4641 1 338
4677 1 3143 3295 1
4677 1 3629 4338 1 1 3688 2381 1 1 1058
4677 1 4111 300
4677 1 2387 4677 2406 1 1 1 2387 1411 1
4677 1684 1 1 1 3982 1275 1 2533 2076 4625
4677 2700 3143 1 4272 3982 1
4677 2700 3143 157 1 3982 1446 1319 3143 2241 3982 3505
4677 3416 3982 3218 1 1 300
4677 1195 1289 2387 3450 1 3143 968 1 1
4677 1 1 300 1 2570 1 968 4314 3982 1 4511 1161
4677 1 1 2700
4677 3197 1 3982 1 320 3143 69 851 2482 1 949
4677 277 223 1161 300 68 1 4385 623 1077 1973 1 4338 1
4677 1 300 4338 1 1
4677 1 2700 2061 2381 602 2172 1946 2309 1208 968 4365
4677 2706 2034 841 3083 968 1 3892 3143 968 2248 192
4677 1 3982 4123 2139 1120 4338 1 1
4677 1 3684 3143 1 3978 4338 1 3749 1 1
4677 4034 31 2986 1 1332 1220 2577
4677 1017 1 4385 1
4677 1017 2700 2061 4677 2192 2688
4677 1 1 2244 4048 68 1 2498 3143 1463 2255
4677 1 2244 2533 300
4677 1 3792 300 1946 1 1 968 1 1885 105 985 667 3181
4677 264 3171 3982 1 572
4677 1 2265 3664 3143 4082 2674
4677 467 3506 1 3430
4677 1 1 1 1
4677 1 1 2834 3143 2696 3982 1
4677 1727 2731 3074 3143 893 3301 3982 2865
4677 1081 732 1 1846 1818 968 1 3143 1443 3057
4677 1295 3143 4677 1687 4463 2387 4640 3249 3982 848 610 1 2262
4677 3588 2244 1 3143 1 4103 1004
4677 1 1 2357
4376 1 2309 1 2482 1 1786 1 1 1
2774 1142
3450 435 640 3351 1 996
4488
1 1353 3982 1
775 3499 2061 2533 3202 1 2309 1786 3982 1 1872
2381 1545 3982 3416 31 4380 300
2381 2038 1306 3143 1 2482 49 1
2381 1549 3982 4027 300 68 3891 1 2570 2573 4426 590 2309 279
2381 4091 3668 68 1 1813 4625 1 3729 3982 1 4048
2381 1 2476 223 4713 519
2381 2244 2031 2043 1 1161 2700
2381 2244 2031 927 1 4048
2381 1 2244 1120
2381 1 2635 3668 2387 2941 1 3143 968 390 1 2913 3955
2381 1 1433 968 3190 1 3143 4228 1 68 2894 1 590
2381 1 845 3083 968 4581 3982 968 1 3143 4578 2788 3586
2381 1 1 3143 4137 1 1149 2350
2381 1775 1 4625 68 732 2591 1 2570 1411 1 247
2381 1 31 2735 1 2340 2577 3143 968 4181 1885 985 2049 1
2381 1 1425 1489 3668
1826 709 3143 968 4028 4068
619 2700 68 2714 614 370 3354 1 2448 4677 841
3688 1 1 3982 699 3688 1411 1852
3688 590 1089 346 2968 3179 2118 2303 210
3688 1 3688 4677 1 4385 4677 1 1
3688 968 1 1 1 1 2309 1 3329
1 4103 1545 732 1 2521 3143 1 1 2482 3713
4641 574 3982 1 3630
4641 1 3982 1797 3630 31 1 1235 2029 1411 1400 1
709 2277 3143 968 4028 1391 4666
1 2309 4677 509 3143 912 2507
1 665 2374 4066 18 3982 1089 68 3003 1 881 1199 1241
1 1 2482 1 2309 1 615 3982 1801 1
1 2475 4677 2892 3629 31 3757 2309 1 2570 3066 968 2700
1 1 4084 1987 2968
4640 4677 4087 2521 3982 2381 1 300 2029 1411 49 4234
4640 1 3982 765 3789
4598 1537 4598 590 2482 4677 1
2141 1433 968 3085
1 325 4677 277 1259 4491 2570 3888
4287 1 3982 4156 2061 2243 3982 1994 1946 2714 1411 634 1
3369 2309 2381 1456 3201 3982 881 2309 4677 2192 1 1
3369 3600
4338 1411 3943 2329 1 1 2486 4677 3302 4322
4338 1089 467 3920 3982 467 1077
3179 2968 1 968 1711
1 2043 1 881 2022 4386 4338 1 590 2029 4677 1 2635 2831
524
1 3143 1699 4649 2634 1 3143 1074 2012
1 732 2309 4677 1
2337 2031 1782 2257
3249 3982 2425 1 3143 3450 934 3078 4592 279 2573 2675
1 881 2841 1
1 1432 3982 3604
1823 1 264 1077 1 1 3143 968 902 1599
1 1670 1 2061 4677 3549 1
1 3982 4641 3281
1 1 3982 1 3928
1 4677 1081 2504 3982 2381 912 3202 68 3831 2029 2374 1339 1906
3722 1411 1 1 1 2029 2731 3982 2551
3722 3943 3047 1411 1 1 116 3218 2570 2573 1
1423 3982 3134 1 457 4677 467 1 1 1
1 3332 1 1213 2968 1452 2437 1 4338 881 1 572
1 1 1 3888
1 4338 4677 4332 3982 1 3349 3461
1715 4307 2623 968 2139 69
2419 2335 2573 3740 2570 1 968 1 3591 3982 1 3165
1170 1797 3630 4338 1 1 3982 1 1935
1 1077 3982 2262
2228 4095 2482 271 1 1727 3202 3982 2381 4488 1 3275 3143 1
1 2482 709 300 2029 13
2387 968 2135 677 968 300 575 3015 607 3506 1797
1 2381 2830 3505 3143 1 2387 1411 1852
4172 4307 3110 1 4106 68 2533 1
1009 2419 4426 2570 544 4376
3544 116 968 229 1 68 116 968 1 3143 623 3143 191 996
3087 1 968 2656 2061 1 192 3576 1 2215 3982 1 2241
1 3739 1 2381 413 1 1584 10 521 1024 4376 590
325 4677 1 4111 1
325 1411 2337 1 3982 1411 1423 1
325 1411 1973 670 3982 4488 3688 4058 1
325 968 1446 1 2570 1 3982 1 3285 2688 2061 4677 1372 1
2155 2482 4677 4307 2924 2623 4677 1 1
2155 2482 968 1 884 2968 1585 1289 3450 4713
1 3982 1 192 1715 3688 968 300 1 3285 2688
191 370 1 968 1 1 3143 651 2635 1354
1 1456 3268 3143 1 4653
1835 4056 3785 2570 938 590 4677 3367 4360 607
1835 4169 4677 3814 3143 968 1 1151
1835 4169 590 1208 1830
2031 1 4598 2309 279 4170 2861 590 2309 2381 4027 90 366
2031 1 4575 1 881 4387 2573 1
2031 590 2482 3218 1377 4213 968 2700 2309 524 426 2570 1184
2031 3218 4677 2303 2528 102 3083 1688 4677 1 468 4322
2031 968 1 3668 2309 4485 1 968 2700 3603 2668 3688 1797
2031 2968 105 968 319 275 116 655 1 3654
2029 4158 2029 2498 590 2482 1208 3688 1 1433 968 2192 1042
2029 968 4242 275 2309 69 2332 68 709 1 881 300 1
2029 1727 1 1401 321 1 968 2953 3489 1 3143 4499 1
1 1830 2570 2049 1715 1 3114 1 841 1687
1 3662 1 3982 1715 2381 4027 2417
3860 31 3218 3789
3373 3982 3371 1
590 2482 4677 655 3390 2340 3982 4677 1 300 2570 2141 2570 4158
590 2482 4677 1
590 2482 4677 3724 2700 4376 3347 1423 1
590 2482 4677 4682 2570 1
590 2482 4677 467 4558 2569 3982 1 2700
590 2482 4677 467 1 300
590 2482 4376 4463
590 2482 228 1
590 2482 2381 1 3113 2570 1 881 1 3143 1711
590 2482 3485 4677 3787 2029 968 4234 3993
590 2482 3891 3952 1077 31 590 2309 221 3174
590 2482 3218 1
590 2482 3171 1077 2337 3982 4460 2388
590 2482 4193 4084 1585 1289 4677 4307 4048 881 4028
590 2482 2596 416 968 2787 2570
590 3179 2573 1 1 3688 4677 1 1
590 2448 2570 2573 3124 1
590 575 279 4296 68 968 300 2309 3959 2623 1777 1512
590 4106 2533 1 68 1 325 2724 69 3143 218 709 4417
590 1697 2573 4677 1 31 3083 1688 590 2482 4677 1077 1
590 4649 1 3285 2688 4058 3739 3070
1411 2323 3143 1 1857 670 1 1082 670 2714 2387 1 1 4484
70 1 3982 1 1 2049 2387 69 1 3461 1
1 2262 2061 1411 1 1 1797 1460
1 1 2482 1573 2335 2894 667 968 1 3143 968 1 1 4436
2965 325 2123 4677 1 2244 3982 3416 3792 4625
2787 2335 2894 4677 1 4463 3083 881 4641 2988 2700
3959 1 3197 2623 1275 3982 4094 3416 1946 2309 3197 2029 3596
457 1 2482 3629 1 2062 4385 968 2688
626 2570 2573 4640 1 2244 3982 1
626 2570 2357 1584 3477 3143 4677 3668
1 2309 4677 1017 300 31 590 665 1 1
1697 2573 390 1 2623 1 31 590 4172 968 4457 1428
1697 3218 2573 4677 1 2029 3951 31 590 2309 1 3982 1
1 1 1 2700
1 1 4677 1 3143 1 3664 3982 1 1
1 1 2482 3416 3629 2309 881 4436 3442 2387 3540
4041 3903 2264 1455
1 325 2779 2381 3373 3668 3143 1 4631 3982 258 1 3143 1
390 3143 4677 1004 1 2623 4677 1444 370
390 2598 3982 1 2623 2440 1845 905 116 2381 3174 2533 1874
4004 3070 1180 881 3748 2448 4677 3085
3477 1 3982 390 1 2623 590 2139 1 346 2570 2573
1964 2192 1 1210
1138 2309 1 3688 1
3502 2498 3143 4677 3130 670 3982 4677 115 69
4656 4266 31 927 1 1 3143 1 3982 126 1
1537 1
1 31 4347 2057 411
1 2791 2570 1 1 300 1 2061 1635 1 1
69 1077 3600 1455
69 3143 968 709 2824 3982 1 1735 1503 2029 3840 4677 2161
69 3143 968 4513 1503 2029 2517
69 3143 968 2135 1613 2489 1 1503 2129 3281
69 3143 968 1 3982 2135 1 1 2029 2700 3084
1 1 4385 1635 4152
1290 3860 3688 4677 3888 670 31 3218 467 1
4402 4691 3982 1 1379 881 300 2335 3218 2573 252
677 3143 968 300 2482 1 2215 2062 4385 1411 1 1
1 2061 1 3328 3982 1 1973
996 116 1 3982 968 640 2482 1354 116 1 1 3982 1775
4072 2031 745 3668 3143 4677 1175 2866 1 1219 4137 1
1 4677 1 1818 68 1125 1 2883 68 1 2668 3450
1 3982 1 2393 881 1066 320 2061 1638 3664 3982 1 3505
4368 816 2714 69 1 3632 3143 968 1
1 3982 731 2007 1433 2381 1 449
1 2387 1411 2804 3982 1
2142 2570 1 575 1 1 3982 590 2482 2596 2815
1 2482 3613 3143 4653 1 968 1 1 68 931 1
3662 1 3982 1 1735
1 1 2309 4677 3972 1401 3143 968 1
1 1 4637 3982 1 3083 968 1622 4463
1 2482 1 1 3143 4111 4395 2309 1 1 3982 1 1
1 1 1 2482 1 2061 1 1
1702 2061 1 2309 1
1 3179 524 2118 968 1 31 2309 279 1562 1 3034
1 4307 2623 1411 763 3249 2482 527 2700 1
2461 2137 3982 1
1 1 1 3982 1 2128
1 1112 968 1729 363 1 1
1 2598 3982 1046
1 2623 1411 1 2049 590 3354
1 2149 3174 1 68 2430 191 4309
3207 1 2374 1 1973 3143 1 2387 1066 3982 1 1
1 31 1275 1 4029
1 1 968 431 3143 968 1443 2323 2570 2051 1
1 1 31 1 4420
1 2029 191 1120 300 3684 325 4297 4677 3329 4381 2160
3141 2062 4160 3688 4677 1 390 4041 2623 1129
264 968 300 2309 4677 1 2340 3982 1835 2254 528 590
917 3502 3032 3982 2056 968 2834
1 4677 1 3789 3668
230 2570 2221 1 3403 202 2381 3370 3814 457 1661 2029 1
68 2309 1962 527 1651 590
968 1 3143 1 1 2482 1 2570 968 1 2309 2029 968 1
968 1 3143 968 366 2309 68 590 3635 2688 3688 1293 3688 2243
968 709 300 3143 968 4028 763
968 2192 2172 2410 4488 1510 968 2700
968 3461 2309 2881 4170 968 640
968 1 835 2570 968 1498 3143 1 1
968 572 2714 4108 2868 390 1
968 2172 202 3083 1 2061 968 20 3143 968 300
968 300 2482 1290 1472 3982 2802 2309 3860 31 1823 1
968 300 1 4609 2243 3982 1 1 1 1973 3143 1 2417
968 300 2035 968 1 3070 968 1 3358 1
968 300 2309 1017 2029 1 2429 1 1
968 300 1 3746
968 300 1591 575 4257 968 1 4097 4385 1 2482 1
968 2028 2309 745 31 1
968 1 1 3982 1 2577 1 968 2370 1219 3113 3982 3311 1
968 1 3143 3634 1893 2074 279 1294 590 1460 2570 2573
968 4181 3143 1 2006 68 2153 1 3179 2092 1 3143
968 1 2118 4385 1 631 2570 4693 1
968 4082 600 3143 968 332 2987 1 2061 4677 332 2570 4242 3450 1670
968 2135 1 2192 1230 2160 4459 1 1628 2570 1
968 2135 1 1077 3143 968 2449 2289 4436
968 2135 1 300 572 4459 3540 4655 944
968 2700 2309 1 3281 31 590 2309 1843 2043 4580 3982 1
968 2700 2309 1391 1 1652
968 520 2192 835 2482 1 3982 1 1858 3684
968 996 116 2381 1 1
968 996 116 1 2061 1 1 192 1
968 3295 1 116 3143 968 1 3982 968 996 3667 1584 3540 4213
968 1446 4158 2700 68 2968 1585 1 2247 1798 2623 2381 562
968 1 1 3143 1 828 3982 1 3087 2894 4619 1
968 3831 2309 4677 3197 3443 4420 366 3143 1303 3951
968 3831 1069 841 457 3839
968 4310 2309 4492 1433 1 1277 2360 1433 1
968 1 1 116 1 1830 2570 1 1715 968 2135 1 1
968 4701 461 2309 2596 968 1571 3143 4662
968 3668 2309 3365 3982 1377 2337 2029 3538 3982 312
968 3668 68 1090 325 3859 3143 338 1085 3982 1715 1 572
968 533 1 457 1 3982 968 1 1 1 457 3957
3936 370 2309 1
275 2482 4677 3814 3143 1 2029 2653 1
275 2482 4677 1296 4323 2357 2029 968 4217 968 3668 1
1885 3179 3982 4649 3539 1433 4677 1 4385 442 4017 2570 1 2050
1885 4575 4234
881 4693 3606 2309 1 2570 2550 968 1 3143 968 3967 3792
881 2309 4677 3920 3642 732 1077 2533 1
881 2309 4677 2700 3074 3143 1 3982 927 4146
881 2309 3174 2387 4376 435 1512
881 2309 968 709 980 1 2700 2029 4677 748 4463
881 2309 968 4601 68 729 1503 116 3281 3143
881 130 1 3982 2244 308 2309 2596 610
881 3287 4625 1 968 4234 2570 2573 1 1 2570 1 1
1 2029 1830 1432 3982 1 18 2570 2049 968 2028 1452 4637
521 1432 4338 4376 1
3288 3906 2482 1 1 3972 300 1294 4463 2309 590 275
1 2482 4677 1687 1 3982 927 968 3668 1
1 1077 3982 1
467 154 31 875 2244
1040 2449 2289 2029 1 2309 457 1 1433 1 1
1040 1 989 2309 457 1040 2381 1 2504 1
1 3982 2110 31 1635 3431 3688 1 3688 968 1 3143 968 2676
1294 4677 1027 2262 3026 3343 2700 881 2309
1294 1090 2309 2381 3090 2160 3143 638 1 1 2061 1 1
2161 968 2417 1 968 1852 1 4338 1 1433 1347 4043
1620 2309 968 826 2387 1330 2594
2945 2607 1 1 2482 1 1 3982 1290 1
1 3982 2931 4017
251 3143 1 670 4677 2264 2700 2061 4677 1 634
650 904 3179 1 3982 3351 4677 69 1 3688 1797 3688 1477
650 904 325 2826 2780 191 1 4552 1916
984 3688 3506 1 2262
1 1 4649 1 968 1 3982 2635 968 300
2968 1585 2816 4677 980 3470 2968 1289 69
2968 4451 2007 590 1433 4677 1 4240 1
2968 2894 1830 1 1 3165 2570 1 2387 968 2700 2482 1
2968 2894 2570 1289 590
2968 4649 612 3267 2570 1 1433 1040
3285 3249 4649 2573 1 2387 1 1512
4177 1 1 2309 4677 1287 4598 2387 968 1 4566 4103
4677 1 1 1208 457 968 768 1620 489 590
4677 1 1 1443 4625 68 3898 1 2029 3224 748 3110 4484
2381 2296 732 1 300
2381 1072 3982 172 1 1057 3143 968 4335 3524
1 1 3083 1411 2688 3688 1698 1 11
1 2779 1 3315 1 1
1697 1 2570 2573 3288 2482 3130
1 2337 3199 1072
1 1117 3528 4385 3012 2570 4163
4677 3920 1423 4048 2061 4677 1 3499 68 1
4677 1 31 1311 3888
4677 2700 2029 1946 1711 3982 1 1 1818 1 1 3434 1 4103
4677 338
4677 1854 2700 68 1644 575 279 4373
1 3982 1 116 2337 3098 2546 3143 2052 2448 3547 3678
1 325 3281 4677 300 3143 1 1124 3982 2533 727
3722 968 1 1091 2309 1197 4338 968 3768
1 1 4199 1 2303 4677 2970 1 634
4219 4677 2581 3143 1 670 3982 1885 4423 3450 1
2387 1372 1 1 1 2533 1 2309 875 4677 1964 1
722 1 3700 31 590 2482 3218 1584 3202
2812 792
1835 4056 1 968 3749 2309 4677 1
1835 172 4579 1 31 3218 2029 968 4217 881 300 1 112
590 2482 4307 2623 968 4175 2267
590 2482 3501 3802 3851
3003 1077 732 3517 4656 2407
1290 590 2482 4677 3506 4098 3792 300
1702 2061 1 4649 1 4058 2061 1411 1 1
484 4609 71 3461 31 4641 3499
968 709 1283 1 1503 116 905 173 31 1
968 300 2309 1 3003 2337 3982 3688 1954 3688 1
275 2482 4426 3218 1377 1 4376 968 130 3390
881 2309 968 2139 3074 1 1 1455 4385 1 1 2482 4655 1
521 4058 1 3982 1 1793 1 1294 4451 105 667 2381 1 300
1294 2309 968 1156 4103 4365
4649 938 4058 1 3982 1 1 2982 3143 3034 2570 1
2084
2968 4242 607 1644 1 881 3431 2947 68 881 3629 2947 68
1 2700 4180 346 1391 1077 102 3757 2309 3502
2381 1 3888
4677 233 255 1 2061 4677 462 3143 4655 1 1 1
4677 1 2387 968 1 4566
4677 146 1 3143 4677 1229 477 1455
4677 1 1037 314 2570 1 203 2029 1 1 1
4677 1 1 1
4677 2050 635 68 4451 1 4385 968 1 3143 1
4677 2887 255 4376 2208 3982 1687 1
4677 1854 31 1 300
4677 1 1 3143 4677 572
2607 3982 2178 1
2762 968 2742 3120 3543 3143 3936 1599 1 3506 4098 1
228 3753 2570 2573 1 3391 1 1 2482 1 1 1042 2521
2381 1545 4177 1294 2031 4103
2381 1 425 4385 1
2381 1 4625 1294 1 1 2309 279 1 2309 1072
116 1 1 2947 3281
3688 4677 300 3749 1 754 2570 1
3688 590 3409 590 2482 2381 2136 2700 2387 968 3885
3083 4677 1 1 1512 4084 3338 390 1106 3982 3959 1
4338 1089 554 1 2443 2022 3982 1
2402 279 3354 2570 1901 1 3762 968 3668 2482 676
1874 590 2031 2968 3179
2337 3982 1077 31 927 2461 2700
1 574 31 2164 1024 4625
1 2309 3218 1584 2507 2155 1208 3303 4307 3034
3485 4677 1 31 102 1391 2247 968 1 1
2448 4492 1 2387 1 3039 31 3280 4172 4338 1433 1411 3523 3024
3045 3982 1786 31 1 3982 605
3045 3982 1 1715 3470 590 63 2570 1
2574 4252 655 325 1 3165 3982 4677 1 4425
3232 2029 1 2029 1 2309 3707 3528 496 3218 2570 1466
2591 2498 2029 1 968 613 3982 1411 1
4666 390 1 2623 1411 504
202 3688 2031 968 1 2894 2002 2739 3070 968 1
3783 1 1479 881 3668 3076
1 2482 3281 1 4677 1 1 3982 4677 1
1687 996 1 590 4385 3540 4677 2741 1578
1 3982 4034 31 558 39 2029 1411 2474 3143 411 3982 1 1
2155 2482 539 521 614 1433 881 2700
1 1 572 3248 1 4338 3478 274 3688 1
4131 2482 3966 2570 2381 360 3436
1835 1585 2118 346 1433 4677 1
1835 3833 1 1 1391 2968 3854 279 2894 2570
1835 2247 1 4677 1 881 300 2570 2841 1433 2661
2029 1 1 1964 69 4172 1 346 3143 968 1 1
2029 881 300 1 4650 1 1 968 1 1004 3143 884 819
3414 1 1 1009 4217 2570 4539 2511 3982 1 1 3445 1400 1
1 2757 1 1196 2673 4625
3860 3982 4347 3585 3255 3143 1
590 2482 4677 3130
590 2482 3083 4540 1675 3982 1689 2073 2029 1411 3780 4016
590 2482 3232 2968 1131 2477 670 31 3502 390
590 2482 4224 1294 2968 1131 2477
590 2482 1077 3688 968 1945 1 4244 1962 590 2482 1463
590 2482 968 1 3390 572 4459 1 1
590 4244 1942 426 1 1999 1964 1
1208 2244 1830 3218 2570 1039 521 4098 2570 2635
1 1038 4387 2635 881
1 3982 1 1 3936 2906 1 31 3218 2198 727
3972 3242 228 3354 2570 2634 968 1 4490 2570 1
4392 366 3143 370
1 1512 3143 1 1
3218 4677 415 4425 31 968 312 2309 3068 3083 709
3502 390 2623 4677 1650 1161 1455
69 1 3982 1 3888
2324 968 2135 60 835 4376 1620 2309 1330 2594
1914
1914 1289 1 3966
2826 1027 31 3003 2826 1077
1870 4426 467 3954 2570 968 1 3143 968 1 3955
281 2309 3218 4677 415 300
484 2461 3982 2178 1
1 1 1 4649 2056
1
875 968 1 1 1 3143 1714 1 1 2482 3668 2309 413
1 3982 1 2029 1411 4177 1 4103 1
968 1 1 2448 4677 390 1 3982 1 437
968 1 1 968 1 2935 2387 968 2635 3143 4677 1687 768
968 1 2350 3143 1 451 4103 917 1433 1 202 1629 1463
968 709 835 4376 968 2700 2309 1411 1 3174 3461
968 908 1703 2049 1 1 4103 1 1 1 841 2598
968 4022 2309 4677 1
968 306 2700 2309 4220 2061 1 1 1973
968 1059 1812 1 933 1 3232 3381 2135 3143 968 4417
968 300 1999 3512 1433 1411 49 36
968 509 2482 2688 2309 2029 968 4234 3113
968 2700 2482 2970 821 1 4677 2771 1 1818 1 3982 1
968 2700 2309 4219 4677 3719 3143 1 3860 4417 4103 1973
968 2700 1388 2570 2573 1 31 1636 607 1 1
968 1 1 1089 4655 1 1818 4677 3561 1
968 3192 862 4385 2757 2570 605 3982 730
968 1622 2335 2118 2387 2700 1
968 4310 2309 3365 3218 1196
968 1 370 2309 1 968 3328 3982 4625 4656 1 1077
968 1562 3303 390 1156 2061 1 1 457 1430 894
1885 2335 2894 2780 1 1 4103 1
1 4463 2482 968 2215 1 1
521 3277 4338 3189 31 1 1687 1
1 968 1 1 3143 3285 4120 1121 1 2387 968 1872 1210
4137 2887 1 1540 1433 655 1 3982 4677 1687 2410 2172
467 1797 3281 31 575 279 3069 4677 3814 3143 1464
3358 4177 1 1 1 4103 2309 1 902
1294 2482 520
3470 968 933 2002 1890
3989 1 4649 1 1 2570 3390 1 2309 1
2161 1649 2482 3629 2309 655 968 1288 4296 4244 3053
2161 968 3034 2309 1822 968 2700 2309 4307 2623 2968 1069 3527
4649 1 3285 2688 1584 4578 2968 1452 4684 4376 590
1 2134 1 2387 4177 968 763 1 3143 2674 4103 1
2740 2623 4177 3632 3143 968 1 4103 4307 2623 4177 412 4103
4387 1835 1289 590 210
1 1 1 1 968 1 2029 3199 2061 3648 1703
2968 3179 1 452 2387 881
3285 1 1433 968 4043 4195 4649 2573 2880 31
1
1 968 3226 2387 4677 4307 2700 2623 1294 1 626 2570 3351
325 2374 1727 1561 31 2533 2504 4302
2309 1432 1830 3248 1974 769 4447 1411 1
3281 4606 1583 4677 2700 980 3982 968 851 325 279 1 4677 2656
390 298 2623 1
590 325 968 1452 3143 4677 4713 3600 2700
2456 1885 4423 346 275 4419
2309 4677 1 1 68 1 1411 3150 1 1
527 1835 1843 355 4677 2533 1393 3688 4677 1944
670 31 524 614 2570 1039
2456 1 2387 1 4419 3898 4677 1 3982 1 300
4677 655 1 1 1223 4103
4677 1540 2429 4091 366
4677 1463 2357
524 2381 2244 2834 3722 4058 1753 484 1151
3840 188
4649 228 2573 1 2387 968 1 1 1
1 3982 1
4677 1 2244 4137 2982
4677 1421 2029 4365 1 479 2482 4712
4677 3789 300
4677 4625
4677 4639 1903
4677 2771 208 3982 3604 1 4048 4376 968 2078 1191 3143 2843
4677 1 208 3792 1455
4677 300 3143 1 1 1
4677 2262 2834
4677 1077 300
4677 1659 1
4677 1 1179
4677 1687 3888 3179 2049 3860 4677 1288 2968 1436 4387 1949 2968 1002
4677 1687 4048
4677 2757 4625
4677 2533 1037 31 2061 1830 4146 2570 1 2968 1
4677 3938 1 2570 968 4272 3143 968 1 3982 968 1785
4677 3814 3143 1411 3515 3982 2368 1 4677 768 2482 1
4677 851 1 968 3484 3498 968 300 2247 4307 2623 858 1 2911
4677 3943 3130
4677 2700 1208 2387 1661 2012 802 2573 765
4677 1 3888
4677 3275 3143 1872 4345 2324
4677 3368 2700 2061 3368 3958
4677 1 4048
4677 299 1
4677 1 2160
4677 1463 104
4677 1 2357
4677 1 1
4677
4376 1 1 2570 1
4376 1 2309 1 69 3143 968 1 4436 3143 968 4028
3110 2815 4177 4293 68 4103 1835 1452 4307 260
3992 1294 968 3178
2762 590 2482 968 851 68 2714 968 1
1 1 3982 2128 3283 3982 1 890 3982 1
3359 780
2381 426 1184 1094 2387 968 60 1 3143 1411 2341 1066
2381 1 1498
2381 4090 3085
2381 1 1498
2381 912 635
2381 1 1498
2381 3373 1
2381 1 1
3982 1 2791 1208 3688 1 3143 2381 1 1 1
3982 1 4277 2309 968 851
3982 1
3982 2387 4058 3143 2668 68 2482 1687 1830
3982 2840
3982 590 2309
3982 590 1 112 3688 69 3143 968 2135 3860 1 2281 1
3982 230 2570 4032 2482 1 1 3629 68 1 2309 172 1
3982 68 2714 3450 968 1
3982 968 1 4230 2029 2929 3654 2791 2570 2894 1 112
3982 968 3442 2387 68 2309 4677 3383 4656 1 2804
3982 275 2482 968 1 4186 1 590 3450 324
3982 1885 1 1 3083 3936 1125 2595
3982 4084 3854 279 1 218 3880 2387 4677 3542
3982 2429 590 875 984
1826 1 1 68 275 1697 2573 4677 3972 1 2674 1 4103 4103
3688 4677 4537 3567 2700 2456 810 305 4419 1
3688 4677 4260 2570 1 1 2482 1 968 300 2309 1797 1
3688 2381 3201 1107 2309 69 1 2719
3083 1411 709 590 2482 4065 1 1942 2061 390 2688
3083 1411 3556 590 2482 1 527 1 2256
3083 3739 968 2700 4252 4485 3506
1 2429 3789
1 2802 2309 3218 3285 2527 4131 1
4212 2160 3982 1835 351 68 3688 4677 1
1
2573 1 2061 968 1 2071
2573 1 2570 1 2570 968 1 3143 3285 4263 375 2061 4653
4641 961
2629 1 2309 1591 1077 4135 4677 4181 3143 1 3544 415
709 528 3688 4677 370 3143 3567 489 4338 1 3262
4307 2865 4307 3165 3982 4677 1 1 1
2192 4463
2522 1786 572
4640 1 3662 3982 1 1 1294 4463 2309 590 275
4640 2341 996 116 1
4640 968 1484 3668 3982 968 2635 3668 116 4393
1 1
1559 2482 3629 3179 3218 2573 1
31 2322 2570 211 553 1 1213 968 350 4242
31 1835 3854
31 4259 2482 1 1 2714 590 3354 4637 210
31 3688 2968 1184 968 2700 2968 4423 521 525 2570 2194
31 1715 2161 191 1852 116 3165 919 2155 2309 228 1
31 2012 3143 968 449 2335 3218 1 881 4677 1
31 3654 2482 4677 1846 3083 191 24
31 590 2482 1 3982 1 3391 968 1
31 590 2482 264 3501
31 590 2482 2596 968 1
31 590 1843 325 4058 3143 968 934 68 3281 968 2139 69 2337
31 590 4451 2573 4338 1411 4581 3982 2688 4677 1101 69
31 590 575 279 3338 1 3143 3972 1
31 590 575 1718 1 2570 1901 2968 4093 1411 576
31 590 2309 2244 1433 2381 1 4344
31 3891 3524 3450 68 968 1 116 1
31 3218 1584 2311 2262 1414
31 1433 968 3967 2968 4423 1 1 457 881 2700
31 68 1885 116 969 590 2309 1
31 968 4417 2049 881 2596 4677 845
31 1885 1 2029 3936 1
31 881 2309 1 2482 300
31 3470 590 575 2968 4423 1377 1
1 1 1388 2387 390
1 732 2309 4677 3329 2700
1 1
791 1 1 968 48 2482 1 2215 4206 1 4230 3771 3232
1 2073
1 729 1433 4677 4457 1797 1428 1835 528 590 1208 3688 3477
1 590 4177 1 4103
1 3232 4084 105 148 2570 2477 4385 1503 1
892 3688 881 1697 4550 430 1 2482 1 984 264 1797
1
1 1 3982 1 1 881 4637
1 590
1 484
2357 3285 1 3982 1 881 92
1 2262
2958 1 3888
3215 590 4004 452 2570 2194 4376 1294 3446 2029 1 1
3215 968 300 4700 3982 1 452
3749 2321 4624 325 2724 968 600 3143 1
4040 457 881 2049 590 1443
3045 31 2970
3645 1503 457 1133 1 1 1433 1
4170 1 2061 968 2927 3719 68 489 968 2700
4170 938 1 2570 998
1715 3083 1411 3556 590 2482 3218 1
1715 2031 2968 2894 1964 861 2029 968 1 1
1715 390 4679 2309 68 590 2482 1077
1635 2499 1512 2947 1391 1473 4172 1
1094 590 2482 3477 3477 4307
3857 3982 1
3857 3888
1420 3684 4385 1 1
3792 4025
1
202 1 1
2387 1 2012 881 2309 390 1 2623 4677 1191 714 3143 1
2387 2811
1 31 2262
1 2968 875 2894 68 1
3074 3143 3314
2262 3982 1
1077 3248
1077 3982 1
4292 1964 1 2309 1 2057 4025 2387 2425
4485 1
1 3083 968 1 3982 1 2309 677 3143 968 2262
2118
1687 1 2006
1 1 3085
1 2245 1 1077
1331 4677 4650 1 2965
655 1066 1291
655 690
1 1 1 1 2570 2573 1 1
3189 579 3937 2309 1208 2440 2381 1
1 1 1 2482 2843 2309 4677 3130 3143 1 1561 3982 1
1 2374 934 116 1 2570 968 140 3143 1 1451 3982 993
614 2570 1
3501 2262
2155 1642 590 730 1
2155 325 4677 655 3461 3982 4677 655 1146
3654 2482 2134 2313 1
2812 1
172 4027
172 2073 4601
191 1151 116 2498 3982 4656 1
1 1 1 968 1042
1835 2402 279
1835 3179 3890 136 582 2482 2101 10 4677 1 1
1835 2894 4137 1078 2570 3225 4376 1365 3143 285
1835 2635 968 947 1151 3143 4677 1 3972 1 48 2029 1
1835 2635 968 1 2934 3143 881 2160
1835 875 457 1 1 4307 2910 2573 765
2031 2092 275 4575 69 2387 881 4181 3143 2700
2031 968 2700 4575 3450 572 590 1069 370 4307
2031 2968 4423 4677 192 4113 2968 2402 279 1987 590
2031 2968 4423 3218 2968 1585 875 2894 4677 1687 4463 4419
2031 2968 4423 3218 4094 1 4338 881 2700 1 3285 4183
2031 2968 4423 677 3143 3574 4390 826 2968 1585 1893
2031 2968 1 2084 4338 3450 2412 2056 968 3972 884
2031 2968 3854 279 1 2968 1069 2573 1
2031 2968 3854 279 3586 1
2031 2968 2635 487 1 1 102 4338 3450 2412 1 590 346
2029 2381 4581 300
2029 2973 1715 4307
2029 2973 590 2482 3840 2262 2029 4490
2029 191 3684 3688 4677 3749 1323 325 4677 2004 4195
2029 1411 49 1 4217 590 4172 2570 2968
2029 2374 2452 1 2309 1 1
4521 968 390 1 1 1 4677 1 1 3143 4488 1 1
1 3982 3416
1 3982 1
3373 3982 1
2309 4314 1 2623 3567
590 2482 1387 3739 4307 2623 881
590 2482 4677 1 1 2387 968 3967 3792
590 2482 4677 1 4177 1294 2031 4103
590 2482 4677 1077 2533 2700 2061 1432 3328 3982 1 1852
590 2482 4677 655 3629 3982 4677 1 3143 1 4103 1
590 2482 4677 1
590 2482 4677 3199 1 843
590 2482 4677 1 3629 527 1 4084 4146 590 2482 2092 3165
590 2482 667 1428 4206 31 3891 1391 1 2947 2061 1391 3477 4308
590 2482 2262 31 590 2482 4677 1872 1
590 2482 1077
590 2482 1 968 1884 3143 1354 968 789 325 1
590 2482 3218 1208 4677 4524 2700 590 2482 4677 1452 2700
590 2482 3218 1 670 1411 3839 3982 351 31 1835 4169 590
590 2482 3218 521 2771 3982 3218 521 484
590 2482 3218 521 1 3982 590 2482 3218 521 3096
590 2482 4324 2596 1 1 1433 1411 1727 3024
590 2482 3840 1826 2570 1452 1 1 607 2029 968 1565
590 2482 3031 3143 1 3982 590 984
590 2482 3171
590 2482 968 3171 1 3668 68 2456 3506 768 4419 355 2570 2573
590 2482 4463 2570 488 3285 2391 1942 670 1 3202
590 1 614
590 2402 279 1398 1411 579 3982 590 575 279 4126 2570
590 575 938 2968 4677 845
590 575 279 736 2052 31 968 425 2309 1 1
590 2591 4666 2498 3143 1 31 590 2482 3218 415 1
590 325 1840 3143 4489
590 2309 4677 2700 4376 4308
590 2309 3218 1294 2968 1289 590 2309 1294 2968 3527 2968 1289
590 1697 3218 2573 3084 670 31 102 210 1294 2031 590 2309
590 1195 2573 2029 968 1
590 1 1 3470 590 1 2968 2840 1 1411 1 1
1411 1 1 2742 2325 1 3982 1
1 2061 3063 1 957
1 4338 2941 1 4177 4712 4103 2309 4677 3506 4173 2533 3888
1208 2141 1433 968 4730 1 1914
1208 457 1
1208 1184 1 1 191 4601
2787 1620 116 1818 881 1 4601 4649 4324 2573 2029 1 3154
3701 31 413
457 1411 1 3143 636 881 2805 2309 4677 1 1
612 2570 2894 1 3143 24 3688 4677 4118 2700 1614
2049 1964 1832 1 1
4058 2034 1973
4412 2843 346 1 2031 3218 228 4635
4295 2155 2247 487 968 1 3143 968 826
1 4367 4103 1
3438 3174
571 1 2381 1 1 4338 1 1 3982 1 1436
2565 1
3416 3982 1
430 1 2309 4677 3749 2570 1184
430 894 2482 1 3982 1 2029 1 881 2515 3179 4440 2573 1
430 1648 3982 191 3856 1208 4126 2968 2570 2056 1 1584 3505 1
1 1 3982 430 1 2141 4637 1 1 2570 3936 1852
3477 3143 590 2062 4385 968 1 1 996 4338 1411 2341 4417
1 2482 821 2309 1 3928 3143 191 1852
1 1 968 1 4234 346 3143 2968
1 1 4048
2546 4677 1 1 4265 4677 1 3784
3891 4540 154
1 2482 1 3629 2309 1
1964 1835 2635 590 3178 1835 1
3218 2787 1620 3854 279 3338 968 955 2029 1
3218 2570 1 4677 1 1 4197 1
3218 2570 1 2607 1
3502 1782 1072 3524 2968 31 1 2244
2601 2155 2714 2052
442 3789
4656 1
1537 3982 1 3924
1537 3982 390 2244 521
1537 841 3083 68 1432 1
1433 68 1 968 300 524 575 279 1
4540 3000 1 1 346 3083 968 1 1885 3891 355 2570 1949
69 3143 968 709 2569 1 2129
69 1 1365 3143 285 2061 1
1 1
2092 3083 968 1 3143 1 2482 520 843
2092 2387 1175 3249 2031 2052
1 3757 2482 2826 1428 590 881 4463
2947 4640
2947 2387 968 4028 2387 68 4296
2947 1
3404 1 2309 1
3404 1 4135 1 1
2324 968 300 2335 2573 3124 3688 4677 1 1
1 1 325 1428 968 3771 3710
1 457 1835 260 1 590 2482 2606 1
1638 1
4072 3982 1077
1 1 300
1 2570 1 210
4374 3143 881 2309 1159 2618 1 1
1 1
1 1
1 1 255
1 2410
1275 4027
1 4385 3952 1 2570 1 527 1 2887
985 4677 2700 2309 390 2623 4677 2700
2826 3840 1077
1 1 1
1
1 116 221 390 1 2623 968 1703
2273 590
1 812 3179 917 1 2387 2135 3143 968 2700 2482 1
1
1 4103 2332 1
2891 1 1 1 3982 1 2978 1 2029 968 1 3668
2606 4655 1 3688 968 2086 1 2029 3982 1 968 449
3949 2482 1 116 1635 3431 3688 1 3688 191 4453
1 1 1
1622 884 2061 4640 1
1 2229 1 2309 69 3143 968 709 4417 275 2309
964 2309 3218 4677 2700 4376 1
1289 590
3124 2029 68 1540 1 1 2335 1 4677 1 2029 4058
3368 3982 4189
217 3982 3662
1 139 3888 1433 4137 1 203 2029 4677 1 1 1
2335 2573 35 4484 2387 1 1 3982 4707 1 1 1
1126 2482 1 3461 4451 2573 4640 2381 1 3982 4677 1
1644 2007 2456 4666 4385 3154 4419 2309 4677 3130
1 3982 4658
3365 3982 1
4200 411
2374 4381 1845 2698 347 4308 1507 2662 347 3048
1718 1 1 3982 430 1 2141 4160 881 1129 1 3175
4426 2387 2419
732 2244 732 1860 670 31 3891 3959 2623 3453 1
732 781 2309 4307
1 2429 1
1 1
1648 2482 1 3143 4677 1 1 2309 1
875 881 1455 2309 2262 3982 1 2570 2374 1591 4090 1570
1785 1 1894 2029 968 3524 3143 968 1 3982 917 1433 4723 1
264 2034
1339 996 655 2570 841 3083 3982 1077
68 2482 2262 2387 2787 3143 619 720
68 2482 3218 1 1648 3982 68 3357 2309 1 2057
68 2482 1831 1702 3982 1 2309 1391 1
68 2006 325 1226 3179 3218 2573 1
968 3853 4331 325 1964 1151 68 4649 1 2947 1 1175 1931
968 2700 2309 1432 1 3982 1715 3642 1830 2570 2051 2134 1
968 1 3891 1 2968 4160 968 4702
968 4417 116 1
968 4581 4083 42 4484
968 709 677 4376 2456 1 4419 2247 1 1
968 4197 1
968 3461 2309 3304 1433 3982 968 1472 2309 1 730
968 4022 4716 5 2673 4129 968 1 2309 1
968 1 3505 2309 4426 457 90 4103
968 1 2570 1946 590 4486 2309 912
968 300 2482 1 1472 3143 1 3982 1411 1 1400 116 1 1
968 300 2482 1 1 2309 2002 69 3143 1411 3871
968 300 4512 1433 2968
968 300 2309 4677 334 4352 3143 1
968 300 2309 1 31 4677 1603 3143 2941 2605 116 3652
968 2139 2499 1512 4649 2894 2968 1 1 968 4242 3143 968 4028
968 2139 4266 835 4376 28 451 2309 68 590 2482 2002 2073
968 1 3143 968 3542 1
968 3084 2309 1 968 1161 2309 1
968 4181 3143 3717 68 2346 1912 4575 1 2387
968 1729 1151 3143 968 300 116 1 350 3982 1
968 2533 2144 3581 3982 1 2848 68 2482 3450 68 4412
968 2700 2309 1 2262
968 2700 2309 1797 2779 3982 1797 618
968 1290 1 2309 1 3982 430 2445 1 1973 3143 3548 1
968 996 3143 968 1008 757 1 2141 3936 1852 2570 24
968 2050 1248 1 2381 3347 4090 300
968 4550 3143 1 3982 3549 1 1
968 3668 1050 346 1418 31 968 1852 116 3373 3982 2861
968 2957 2309 4677 1
3936 1 1 116 467 1
102 1 2482 4695 1069 3218 2894 667 2440 4677 415 2656 3110 3450
275 2482 1695 3143 1 4601 396 1818 1 2482 347 1106
275 2482 1840 2570 1 4376 1
275 116 4677 1603 3943 4489 31 524 1964 3048
275 116 1151 3143 791 1 68 1 3285 2688 989
275 325 2570 2573 4677 1603 1 2570 3891 1 1945
275 2309 4677 1 1 1 2570 590 3450
4552 2788 116 2826 3785 2570 2635 968 2677 287
1885 116 1294 2714 590 2596 968 1321 2570 968 1474
1885 1 2387 1 3185 457 2456 1885 4423 730 4419
881 1 2482 1 2309 4677
881 4094 1 300 1 1818 968 2800 3982 1 2029 1 1
881 2309 3218 4677 345 3143 2456 3937 1 4103 3064 4419
881 2309 1391 2265 3487
881 2309 4677 3249 2482 300 2029 968 1 3275
881 2309 4677 4693 300 527 1081 2061 1952 613 3982 24
881 2309 2381 3860 2700 4419
881 1 4488 3891 2304 112 3982 590 984 1 3654
881 2700 1331 452 1
881 2700 2309 2570 2573 1
881 3972 4463 3559 2309 4440 4696 2429 590 4447 264 2687
881 69 2309 3218 3771 3688 3417 3688 501
881 1 1 3143 4677 4048 4172 968 4457 1428
4347 1
2941 1 1 2570 968 2096 3143 4065 4649 2894 2381 2981 1687 4463
3248 590 4517 1 1512 1 1 2309 2880 31 1
1495 430 1 2482 3993 2309 1 3982 2992
2570 968 2011 68 1 1
839 913 4677 1 3982 3789 4177 1294 2031 4103
1 1106 2309 4677 1 2710 3982 2155 2482 69 415 1
1395 3982 3197
1463 4131 3668
1 13 1 1 2309 875 4677 791 1
2083 2920 968 1
3358 1
1 1 1
1 4247 2482 1 2309 457 4677 1 1 1
1 3982 1
2950 1
1797 1885 4423 4177 1885 4103
4607 31 1
1294 2482 1 4376 590 2309 68 590 575 279 938 4677 1651
1294 2482 790 2309 4677 1 1 3143 2364
1294 2456 1 4419 3905 2029 1319 590 2714 607 2387 2061 1411 2688
1294 4677 4022 1294 2381 1146 1294 4677 2424 2834
1294 1703 2309 968 709 3629 4385 1453 2029 13
3470 590 2482 881 1 3982 1 1620 811
1620 116 4177 1885 4103
1620 2309 881 2700 2387
1620 1
1620 2848 31 590 984 4093 968 3993 3143 3572 1
4649 2968 2118 1 3070 881 2700
2061 1 3982 1 1835 1585 3083 1688 2273 3936 1852
2061 4677 3461 3143 1 1 4417 590 2309 2596 1 346
2061 4210 2659 4492 4446 4387 2573 2244 31 2348
263 31 2073
1 1 1219 2861 1852 595 1 1
4211
1 590 2482 2456 1 607 2029 1 4419
2084 590 2482 3688 1687 3688 2968 2273
2084 4659
2429 881 69 2714 607 2387 2029 2688 1294 590 3905 2029 1 1
2968 1585 1901 968 1 1382 4450
2968 1585 4324 2635 590
2968 1208 2816 4426 4306 2309 3785 2570 3155
2968 42 968 1472 277 2623 1 968 3668
4177 2812 792 4103
4177 1 1 4103 325 4640
4177 1294 2482 968 1 2332 2387 4211 4103
2456 4695 3748 4419 2309 2381 2924 2482 2700 2139 3982 1
2456 4723 4067 4419 1 3427
2456 2303 2700 4419 2309 4677 3171 1401 3982 4426 1797 2596 3285 4463
2456 590 2482 3450 4376 968 1 4419
2456 1 1 4419
2456 3218 2826 3688 415 3688 2968 1069 3527 4419
2456 1433 1 4419
2456 1 2635 4419 2309 4677 2533 457 4677 3849 1 1
2456 4368 816 4419 2309 2244
2456 4368 816 4419 3891 1 1
2456 964 4419 2309 1 4338 1411 1 1 3982 1
2456 3321 4419 2309 3522 2911 2482 2456 1 4419
2456 968 130 3390 4419 2274 2029 1 2029 1
2456 968 709 729 2700 4459 968 1 1 4419
2456 968 1 2309 2601 1 968 4117 1 4419
2456 968 2142 1 2061 1687 1071 2853 2570 968 1121 1 4419
4677 1 1
4677 821 390 1 1 2623 2456 1 4419
2381 2456 1 1 2165 4581 1 4419
3982 2456 1885 4423 829 4419
3982 3285 1 4649 2573 4677 4189 4111 2700 1498
3932 2570 24 1433 968 2192 1042
31 4177 1831 4103
1 1
2172
1818 1
1 3143 968 1
3762 968 4242 1734 1433 4677 3967 4043 2800
2623 4177 1 4103
68 984
984 590 2482 230 2570 1 2482 212 3629
4677 1 2834 3143 4677 2700
4677 1 3668 68 1 968 1 3359 1797
4677 2466 1854 1 572 2061 1 1 3143 3505
4677 1 3982 2262 300
4677 4524 2160 2029 968 709 3275 3143 968 1
4677 1 1 4625 4376 3379 3982 1
4677 3130 1008 13 2029 968 4578
4677 1684 1 4091 3982 1 1 1
4677 3528 1830 2700 1469 324 4338 1 3645 4417
4677 3662 572 68 1 4338 968 1 3143 1411 49 1 1
4677 2128 1 1443 572 1479 346 1433 968 730 1 3143 24
4677 3365 3171 3982 1 3662 572
4677 1 1 1992
4677 1 1 1813 4625
4677 4189 2022 1 1 300
4677 467 1077 2700
4677 4607 4048 2061 4677 1678 4344 3143 2804 3982 1 3036
2381 4027 1 3143 1 2482 1 1004
2381 1498 1391 4091 590 2309 457 3540 3183 2029 4677 3972 1
2381 1 2635 3668 68 1 346 968 1 1 3662 2029 2419
2381 4621 1
2381 1072 1 4376 2381 125 2061 4463
3083 1411 709 1 1433 3688 590 1050 968 1356 4105 1219 968 4097
1 2309 2598 1189 1 4460 1 2029 1411 312
1 3888 4376 2248 1 2309 4677 655 1846 1818 4677 467 289 1562
1 31 1 4199
1 1 968 587 3982 1 1 3982 1 3143 1
1 1 2381 1 3629 68 1 3232 727 2029 968 300
1 2570 4004 2198 1620 2129 1 1 2947 1
1827 1 2668 2570 1 968 1299 3143 4427 1
2249 325 4677 3084 3982 590 2482 4677 1 2387 881 2635 3668
1 3087 3982 1 828 116 4137 2440 1 4417
1835 1 881 370 4677 3814
2029 1411 1 199 3982 1 4217 968 2700 984
1540 1024 3982 2348
626 2570 2573 1072 1715 3248 590 1 4160 4058 3143 1411 3958
185 3688 4677 157 1 2943 1 1 1 4677 791 1
1195 2573 3124 2570 2573 1
2058 575 4569 968 3855 3143 4677 2192 3792 3982 1411 1 3982 1
3003 1037 590 2482 1843 395 1
665 4677 165 3143 968 4637 360 3143 1463 1
665 68 1446 2474 3143 411 3982 1
69 3143 968 356 1 1 1503 2129
1 3759 1 4103 709 1042 370
3757 1195 2894 4677 467 4332 730
1 1 3792 411 68 1 1411 4272 4338 1 2570 968 1
1328 1 2482 1 2309 1 1 3083 1 1 3982 1
1 2309 4677 2598 1077 3982 1 1 1822 31 4677 104
917 2194 3143 2134 1 665 4677 1 289 3268 3143 1 2674
1 2429 1 3982 1 1077 1241
968 1 1 3462 2309 3845 3982 1797 3982 3938 2029 1
968 1 3143 968 366 2309 875 1
881 2309 4677 300 1797 2596 2815 1 3982 1 3040 3982 3450
881 2309 1644 968 2135 2262 2968 1585 2129 2894 2061 4677 3888
881 2309 968 709 3390 2700 4376 1 203 4459 1 2482 1
324 1 3982 1 1 4677 1 1 1077 4352 3143 2322
1294 2826 3314 4376 1 2309 1411 1 1730 3982 1659 1
4677 1446 1 300
3973 1 3982 1 1 2700 4601
4677 1 3982 3282 4034 366 3143 1
228 3898 1 1659
4677 2337 2429 4072 2577 3143 968 1 1 68 1
4677 1 1698 300 69 68 4512 2029 4272 2029 1
4677 300 3143 298 1 1 1 3688 1 1
4677 1 3143 1294 4436 457 881 2335 2573 457
4677 1 1 11 1433 968 1 3143 2150
4677 1 1 3143 1 3982 1 2029 1 2482 1356 3143 760
4677 2009 3092 2533 2572 300
4677 4189 3416 366 68 1 615 1 2061 2208 3982 1
4677 4189 841 3083 4677 4402 1 68 3281 1 2029 1
4677 3680 3143 4581 3993 3070 1400 31 1294 4581 3993
4677 4607 3982 4656 1 2162 3143 968 1 3143 1
4677 3967 3814 4278 1754 3982 1077
4677 1 1 572
3450 31 968 2135 1 1 2335 2056 881 1 31 428 2340
2381 1 1 24 68 1 1 3982 761 1463
2381 3174 1 1 3888 4376 24 1433 968 1 1
2381 1 1 3662 572 2061 4677 655 1 1
2381 1 3567 4376 1 1112 1 4317
2381 3373 3982 2244 1 2570 1
2381 620 889 3982 4347 1 1463 3668
2381 1 2262 300 1208 4677 1682 851 989 4385 1
3688 1 2086 1503 2118 590 2482 4677 1
828 575 4677 1687 4457 3654 3143 2281 3391 3574 30 1
31 2968 1585 3485 4126 968 1
1432 2523 3982 3141 1 2700
3789 477 4048 3248 2043 1 4338 4677 1 1682 1
1 1 3982 3707 614 2570 93
3920 3982 4100 31 1843 264 1077
1549 3982 1 2022
2144 3544 1129 3982 3544 1 210
2118 1289 590 3982 2056
1835 1 590 1499 68 1 4600 3143 2381 2172
1835 457 968 3972 3543 3982 875 2635 968 1945 4601
1835 1 4579 68 2419 1289 881 2700 670 2387 1411 4568 1 461
2309 279 590 655
590 2482 4677 1339 3390 2076 2700 3982 1 1 2309 1411 1 2688
590 2482 1 3982 1 3982 4224 3688 1 3688 590 2335 2573
590 2482 875 2596 4677 841
590 2309 2601
590 1870 1 1 68 575 279 1 4677 1027 1 826
1 2482 1 2309 4677 1
1208 1294 2714 2668 1 1806
1 1009 4677 1 3629
2341 1 1 3982 1 938 1 996
1 325 1 4677 2706 76 1 1081 1 3143 2941 1 1916
1 2309 3688 3102 3329
4468 1 3688 2381 1057 3143 4677 3064 2029 1
69 3143 968 356 3662 406 3143 968 579 1029
1 2381 3373 1 1818 968 2504 3982 1 1 3143 1 3207
2706 1 3982 1
1 2482 3629 3688 1891 2309 1 4094 1
2043 1 31 1 2482 3629 2309 1 3724
980 1426 2309 730 2029 4677 1444 4217
968 1 2309 3688 2280 3982 3688 2262 3688 590 2309 1 1027
968 1 2429 1 2515 1 1 1495 2309 1 1 3982 912
968 2700 325 4677 1349 1 4345 4677 2931 4653
968 2700 325 2381 1 3143 1 1727 2865
968 3831 2309 4426 3840 4637 3982 2388
968 2929 2309 1 1 3982 1
275 2482 4677 1 1 2029 1 68 2309 1208 1
3527 3143 590 3688 4677 3031 3143 874 446 2387 968 3524
881 2309 69 3143 1 2482 709 4436
3288 3906 325 2739 191 1 3202 3982 1 590 2570 4677 1 4365
4649 1 3285 3249 4338 968 2504 3982 1 2052 3982 1 2052
4426 968 1463 300 1 4649 2056
4677 1 1 1 2521 3143 1 1 2482 1 3713
2381 1 3662 572
2709 2651 2309 390 1 2623 968 1072
4677 4239 3083 4540 1 3982 1 3701 3982 1 1072
2381 1 366 3143 300
4677 1 1 2570 300 1 3982 1
4677 1 1 1 2387 1
4677 1 2728 68 1 968 1 762 1 3688 1797 3688 968 1
4677 1 3758 572 3143 1
4677 1432 2860 3143 2973 3982 3567
4677 192 1 2061 2374 3368 1742
4677 3789 3416 300 68 1 1411 826 3982 1411 121 3034
4677 1 1 350 4065 572
4677 1 2694 572 1946 2309 1077 4385 3012 2570 4163
4677 300 68 2309 4677 1 3143 1 2029 2381 970 1562
4677 655 572 509 2848 655 572 3338 279 228 2049 2668 3586
4677 4568 3606 2061 968 3039 3143 1411 3278 4376 4640 1 3982 3116
4677 1 2533 300 3143 1700 184
4677 1 1967 4385 638 1 2570 3343 3323
4677 3943 104 68 1 1411 1 2061 1 3982 1
4677 1 1 1 4338 1 1 3982 968 3749 2482 1 1400 1340
4677 3528 1830 572 68 2335 2894 2780 4677 4713 3113
4677 3528 3662 572
4677 1 1 366 3143 1161 1
4677 1 1 2635 3668
4677 1813 4048 2061 4677 3365 4310 3982 2381 1 2482 3900 2570 3116
4677 1 1 3982 3604 3817 4048 2061 4677 1 3629 4338 1 1
4677 1 2585 1220 2577
4677 1 2577 3143 1 477 3982 1
4677 2009 1 3559 1 1 3982 1
4677 3680 2503 3982 1 2029 1411 1 1
4677 1081 791 1
4677 3588 1077 2130 1
4677 370 3143 1 1 3982 3664
4677 370 3143 1313 1 2917 1 3982 951 1 3275
4677 1 4217 2570 2604 4137 2982
4677 517 1 1818 4677 467 615 3955
4677 517 4003 2570 4677 655 1 3982 3574 1 4177 1 4103
4677 2030 68 1 968 1 3255 1584 10 1 4338 590
2381 1 3982 1 2700 68 1 3076 1818 968 1 1 3143 1
2381 1 1 1 1813 4048
2381 898 1 706 3143 968 1 4497 572 2192 1210 1433 1107 478
2381 4090 4165 68 1 4640 4677 2688 3982 4677 3524
2381 3710 338 31 4084 1 2387 968 1 1 1
2381 912 2031 2770 425 68 1 1872 2507
2381 391 1432 3982 1 208 1 4220 2061 1 1 1 1 1
2381 1 3416 3982 1 300
2381 1 1 1 572 457 1 1507 31 1 1 2623 501
2381 1 1 1433 1 2029 4677 1356 1 2570 590
2381 1 2474 3143 4677 1 1687 3668 3704 1433 4677 1591 1 1
3982 2029 881 1301 1433 1 2475
3083 1411 709 968 1687 3748 2309 4677 1 3776 917 1433 1
39 31 4034 3982 927 590 1 2968 3070
1 325 4297 4677 1 2265 3664 68 2309 1529 1639 3982 1
1 3982 1 116 4696 2029 4552 1
4640 4094 1529 3982 1 1
1 70 1
31 2374 1 1 3982 1 1743
1 2309 2029 4058 2452 2381 2296 1
3142 325 4220 346 191 3461 2061 413 4637 1
3749 2891 1 3823 346 1 2570 2049 4677 655 69
4100 3982 3329 3888
3690 1986 1912 2309 4677 307 2387 1142 2482 4058 2659
4091 3982 1 2031 927 3218 3840 2057
2056 590 2387 1294 590 2309 2968 3179 1039 1997 1
1 2029 1411 1 1
1 968 4197 4252 275 2309 4426 2596 2815
2012 3143 1 4649 1 1635 1995 3143 3356 2482 370
1603 4436 881 4028 2894 667 3688 1 2029 3936 4111 1
1 2309 279 3688 1 2947 1
4485 1 1962 590 2482 2861 4376 3450 1 3143 2635
4172 4093 968 2468 3143 4677 851 1620 325 1208 2930 191 925
1687 3201
1687 1 4103 1 1 4601
1 1 3888 1433 24 2029 968 1 1 1
325 4677 1 2215 4677 1 2023 519
1 2309 893 3688 296 3982 4677 1 843
2155 2482 2751 117
2155 1644 913 191 4365 3143 1 68 4638 984
3574 1 3982 3576 116 1
1 1 1 572
1 1 3982 1 1
2221 1 4437 968 300 324 2061 2381 4027 3982 1 3629
2031 2968 2635 1 613 2968 1585 2635 881 3888
1 2968 2061 1411 1 3982 3314
1 2309 4677 1 2700
2309 590 4677 2741 1
590 2482 4677 1450 2387 218 3739
590 2482 4677 1 3982 1 3907 3143 3859
590 2482 4677 1 1 68 4106 2968 2876 390
590 2482 1
590 2482 4640 4677 1101 1 370 3982 4677 1 3888
590 2482 2262 31 968 1 4649 1 4234 3070 2419 2482 1481
590 2482 457 4677 1
590 2482 69 3143 968 2135 1 4436 2129 3281 4376 4131
590 2482 277 457 4677 684 3430 670 3528 3171 3982 2348
590 2482 968 4181 3143 1 4165 68 4131 521 985 1
590 325 2262 3540 1 607
590 325 968 3039 2570 251 4376 2192 4008 2061 1 3982 1
590 2309 1 1 3662 3982 1 4385 3012 2570 4163
590 3891 2304 2570 2590 2668
1 968 2924 2309 1473 2968 4126 2570 1289 210
457 1945 1 3982 251 2776 1 1
1 2309 4677 264 1 1
3319 4172 1 4027 996 4385 191 1425 1 3461
2714 1 1 1 3354 467 3662 3982 1 1 2309 4677 2357
2714 2381 1 2031 1 1421 2387 968 851 2482 1
1 1 3982 2084 1 300
656 3646 1 1740 2482 2280 3907 3143 1852 4385 968 1 2570 1042
390 1 4376 1 2482 1 1835 3527 2623 1
3477 1 2387 3450
2134 1537 2134 2309 881 2381 1 4117 2700
3891 272 1818 3271
3218 4677 415 1967 3083 3450
1 2482 300 2309 3424 3982 1 1
1 4436 590 390 3688 4677 4266 3084 955 2623 3688 4625
3003 1031 3281 31 4677 1 3461 3982 4392 3328 553 590 3785
665 1830 1 2262 2570 1370 968 1 3704 2161 1 4677 1 993
4540 2968 1901 1818 1411 1 968 2700 3445 4677 1 1498
69 3143 968 2135 4264 1 1 1220 4436 2029 4499 3224
69 1 3303 968 1 2570 2056 881 1 1161 530
3506 1 1687 3722 1411 1 2784
3840 1077 2387 968 1 3143 2700 590 2309
1 130 1 457 1 3982 1
1 3982 1 411
34 590 346
623 1 1 3143 968 696 1 69 1 4385 1 2264 4025
3724 2280 1077 3982 927 1 300
4551 370 2570 1289 590 3083 968 2139 1592
2374 1503 116 457 4677 299 1 881 69 2309 4677 1
1 2482 3629 2309 3083 4540 2932 3982 1 3780 4677 4038 2474
1 2244 80 4625 4640 2819 3982 1 2894 3936 1973
1 2570 1370
68 1 1 968 1 3662 572 2061 1 3958 1433 1411 3524
968 3165 461 2309 2596 968 1571 3143 4662
968 3461 2309 1 4090 3982 1
968 300 2309 1208 4677 2192 4693 1 1 1179
968 300 4656 2037 4677 1 1
968 2700 1 2387 1411 2510 1161 3982 1411 3991 3165
968 2700 1236 4283 230 2570 1411 1 3295 1
968 4696 300 2387 2941 1620 457 750 406 68 3179 2573 1
968 3831 2309 1 670 4220 2061 2267 3982 1
968 1 1 572 3143 968 4713
968 1721 3143 3430 1 4345 3654 2309 1 3982 614 2570 1
968 4453 461 2049 1 2596 2815
4552 116 2350 2596 1040 1 2596 1
881 2309 4677 467 3991 2700 670 2118 1289 590
881 2309 4581 1 1 2570 4581
4189 1715 1 3083 3739 3982 1695 3143 2262
4189 2022 3982 2244
1 3982 1 116 1 1495
521 4034 2570 3818 1411 1 3982 521 1 2570 1 1411 826
1 1 2037 4677 1 1 3143 3662 1 3982 3150 1319
4137 1 1 69 3792 317 1 2029 881 1 3982 1 1220 4625
1 1 4640 968 1 3982 968 1941 3143 3720 2635
1294 1 325 1456 3654 2309 1 1433 4677 157 4344
1294 590 3905 2029 374 590 2714 607 2387 2029 2804 3982 1 1
1294 1069 2894 667 4677 4498 1 2577 2309 1 2061 3855
1596 1 968 1443 2323 3982 1 2381 4111 1
1 1 3982 1797 208
2596 968 425 2570 1184
2968 32
1 1 1 1735 1 2340
4677 3789 1 3143 3817 4574
590 2482 4677 1 1 2029 1 1 3982 1
1 1 968 4656 916 3942 3143 1175 2788 2029 4082 1
467 1 467 2073 2139 1120 2387 3749 1 1
1687 2700
4677 4693 1 449 68 2309 1 1 3982 4347 1
4677 3501 3982 3438 3174 3792 572
3450 3208 3143 881 300 2335 2573 1 2570 3982 3183 1433 2543
2381 1 2533 1 4094 2029 2635 2061 1411 49 3199 1357
1
1187 1 3982 488 752 968 1 3143 1 4521
3722 2374 1 968 300 2309 4677 1 1
1 1900 3873 3982 605 3826 4625
3232 68 2482 1 4376 1 2935 3179 260 2573 3124 1433 2927
4090 3165 3982 3993
1835 1 2824 3083 881 2700
1835 251 1294 968 3312 3143 1 4649 2573 2570 881 1 1 503
2031 2968 4169 968 1 300 102 2968 1585 875 457 590 2601
590 2482 4677 3717
590 4488 1050 457 4060 31 2061 2648 3982 957
590 2309 1843 3083 3739 3026 3416
590 1697 2573 4677 1 3195 31 287 2309 4677 869
590 1 390 2623 590 147
1208 2840 4723 116 4552 4067
1 1 1 416 3113 2029 4677 1 2700 1 694
1 2244 31 1843 3134 3982 163
1 3248 3218 3840 212 3888
1391 4438 1 590 3281 452 4126 2570 1 4426
4486 2029 1 4677 1 1562 968 1 1 3143 968 1 1 3719
968 3972 884 2309 69 3143 2052
968 661 2309 1 1715 2031 968 3831 2309 3588 1341
968 3461 2309 1 4090 31 968 300 3596 2309 185 3438 2337
968 1 300 2714 1 4301 4376 968 1 3143 4082 24
968 3295 1 116 607 275
968 2676 1 665 968 2135 1 2841 3143 590 2968 1585 3987 1
881 2309 2381 562 3982 4677 3189 3143 1
881 2309 2826 1208 1826 3955 2160
881 4181 3143 3920 572 1 4677 1 1 462
881 2700 2309 4376 1083 1 31 1 968 1 2968 1
881 69 575
4084 1697 3891 3527 3143 1 261 3688 4677 1 2947 1 835 210
1797 4206 590 2482 3070 1 3010 2274 1 1411 1
1294 3728 2570 4655 1
1294 4387 1 3854 2031 2155 2247 4677 300 3749
1 1 3688 4677 559 1 2309 968 1 1 3304
4177 2840 4058 390 1 3179 881 1 31 1 1614 1 4103
1 1 357 2348 3502 2570 1 2303 4376
1294 2482 520
2029 881 1 1411 2494 2309 1
4677 1 3461 3143 1 4256 2507 1620 1894 4677 1 3645
3982 2031 968 2982 1 4177 709 2160 4103 1835 1208 1069
1 1
3688 1 3087 4231 1 1495 968 2700 4177 1
3688 4677 1 1066 320 590 2482 4696
3688 2264 1503 2118 2456 2453 1 4419 2309 4677 1 4230
1219 968 4625 3143 1
3329 4103
31 2012 2335 2894 2262 1 4677 1 3078 906 1
31 2155 1718 1 590 4160
31 1294 1 4076 590 2309
1 2247 1 1 2482 1 2387 13 2029 1
1 3285 3312 4677 68 2004 2309 1077
1 1 1 2029 3585
1 590 1 2968 3070
1635 1687 2924 3303 2570 3854 191 2947 3574 49 1
2770 31 517 841 3083 24 2029 2668 1 1
2387 968 2135 677 968 621 116 275
1 2482 4177 3629 4103 2309 1
45 1942 968 4028 2482 2135 1 300
3654 1 1885 116
191 1852 116 4027 1 3982 968 3328 2309 2861 3982 1 3416
1
1443 1 2247 4677 1687 1 2577 31 4463 346 2309 4307
1835 1233 968 634 2309 2029 968 1 968 2710 2309 4677 768
1835 457 3783 968 1521 3248
1835 1 590
1722
2029 4677 2332 670 2084
2309 590 4426 619 1463 300 1 4649 4126 2570 1 346
590 2482 1843 968 4028 2482 1518 2700
590 2482 3218 850 1 4308 1946 1 881 2700
590 2309 1 3391 2082
590 4592 279 2569 619 1 31 2309 1 1 3951
1 917 888
1 1 1 968 1
634 2700 2947 2381 1 3287 1
2135 3972 1503 2894 4677 1 1
430 1 3982 430 1 1 968 3907 3143 1 957 3982 222 1797
1 1 2309 4488 1 2029 3574 1 434 1 3539
3477 3143 968 4217 3248 881 2309 4677 1 3713 2834
1417 4484 2387 2198 1408 2029 968 1 1
1964 1605
1964 251 1885 4423 1 4376 2456 1 2570 3574 4419
1537 590 2482 4723 3450 4234
69 3143 968 709 3143 968 4028
2947 4705 2928 3688 1 1
2947 4677 1
1 2034 3982 4641 1 300
1391 1835 1208 3215
1391 1175 1391 3365 2440 2507 2440 4677 1 1
2374 4417 1 1151
732 3502 1 457 1 1
968 2982 2309 1294 1503 116 2286 2570 2573
968 2700 4649 736 4666 2955 1411 3374 3421
968 3972 884 575 2894 4677 2688
968 709 2700 3143 1411 4181 4459 4177 1 4103
968 1 184 3143 2456 810 305 4419 2335 2697 619 1 590 1
968 2700 325 1695 3143 1 3982 1 613
968 3220 3143 74 3982 1921 1 2049 968 835 841 2826 2009
968 1 116 3991 3688 1797
275 2309 279 4677 1851 2947 3639 3629 1 2052
881 300 2309 3074 3143 292
881 2309 2840 2968 3220 3430 2865
881 2309 69 2387 968 1
1040 1 4343 69 2309 1 2387 1 3725 3103 2947 4640
1294 2787 4649 241 2309 4677 3972 1
3470 590 2482 3450 3652 4500 14 2309 172 1
1 2482 1 2894 4677 832 2183
1 4552 1532 116 1208 68 1651 1687
2084 2968 116 2629 1
2456 1 1 4419 2309 2381 3045 1829 425 4338 1323
2456 4298 2029 4065 2651 4419 325 3450 968 1 3143 4677 3085
2381 3707 1432 366 3143 2674
1797 2596 968 4463
4677 1 3072 3143 1 1 3982 1 572 4385 729
4677 3988 3982 1 300
4677 1 1 3143 968 4256 1
4677 2771 1077 172 1 2700
4677 4072 1 2779 11 1433 1
4677 130 1401 670 4677 300 2570 2573 1
4677 3365 1 1
4677 1 3982 1 2099 3143 968 1 2036 3143 257
4677 320 2029 1 3143 3007 652 3596 607 2029 1954 3192 1
4677 1954 3982 4698 2387 968 2135 677 1992
4677 1 2577 3143 2635 1 477 3982 2476 3450 237
4677 1 1786 3792 4625
4677 1 1077 4027 300
4677 1 31 2861 11 1433 1 3792 3982 1
4530 2429 1826 1 2570 4677 450 1481 1 2482 4677 1687 3749
998 3982 1 116 1687 1 1
3391 3450 1 2029 3154 3982 3178 590 1 452 346 1208 3991
1 477 2309 3171
2381 1 1 1241 2061 4677 299 1 3143 3792 4625 3982 568 572
4641 1 1 1 1
1 1854 3982 1 574 4650 1 2482 1891
1 31 1 841 1818 968 3524 3143 691 1891 3005 2119
297 1773 3357 2475 968 1 2387 3117 2012
1 411 670 1 338 613 4653 3982 1161
2958 2061 1852 3982 662 2374 428 1973
1 2244 2387 4538 3143 619 720
1 4338 1 1687 2280 3856
1715 2029 1411 2135 2887 1151 1 1 2309 1
2591 1 1818 968 3980 3143 1687 2963 2262
2387 968 2135 677 1 1 1112 1433 2374 1 996 3982 1 3328
2262 1 3982 3223 1 3431 3143 791 411
325 4677 3814 3143 968 4636 3143 178 3083 191 709
1 1 4640 968 1 3982 968 1 3275 3143 2808 1
590 2482 4677 1 300 2061 1 996 4338 3369 3982 1
590 2482 4677 2706 1 3982 1 1 1 2265 3664
590 2482 4677 893 1 370 3143 1700 3664 3982 4314
590 2482 1843 436 655 2262
590 2482 1 2570 1289 2840 1 3982 1 2843 4160 1347 4043
590 3450 1 607 2570 1687 2262
1 2482 300 2309 3074 3143 4213 996 4385 2953 2570 2983
457 2725 590 2482 1353 3982 875 442 1007
2714 1715 968 2290 1 1 3354 2262
626 2570 2573 3171 3982 1 2057 3083 968 1622 4463
626 2570 2697 968 1702 1 3982 1 3192 1818 4426 4666 110
1 1 3083 1411 709
69 3143 968 2135 1 1 1941 3143 968 4028
2788 2674 3083 1411 1
1446 4478 325 390 2623 1830 2215 2570 2049 590 4213
1 2482 1 1727 1 2309 1 3688 1797 3688 1
4605 2309 2381 4027 841 3083 968 1 1 3982 1 1 3793
875 3688 4677 1727 1 968 300 2309 4488 1
968 709 300 4376 1 2570 4322 1 4459 3247 3143 799
968 300 2482 996 116 428
968 996 917 968 2700 2570 4677 1 4344
275 325 228 667 4426 1007 4376 968 3229 2265 4605
1089 2761 2348 2028 1818 4426 3141 3802
1294 4463 2309 590 275
4649 1 3982 1 1 2425 2029 1 1
4677 130 3453 1 300
968 300 1 1818 4677 3379 68 4451 2341 4677 851 4372 1
4677 1687 2031 3218 1377 4637 841 3083 85
4677 1 4625 1797 2596 1 1942
4677 2388 1220 3668
4677 1687 366 3143 370 390 4656 2623 3218
4677 4693 1 1 2700
4677 1 1 3982 1 3982 3045 1 1 4625
4677 2757 2700 1479 2061 996 68 116 3450 1 3982 1
4677 1 457 3460 2968 105 3124
4677 2700 2061 4677 1872 1 2183
4677 1629 1077 1 2570 415 3057
4677 3662 572 1 4338 4677 3724 2628 2387 1 3982 2614
4677 1 1057 3143 968 1 1 1363
4677 3141 3789 3982 1 3630 1813 4625
4677 1 1 3268 3143 2305 1
4677 467 4607 1077 3982 2244 2160
4677 768 2482 3981 574 2061 1 4338 1 1
3759 968 4028 2482 2135 3373 1 3143 1
2381 1 1 300 68 1236 1 968 1 3143 4677 1 3955
2381 2244 1 1 1484 3668 2061 2381 1 2688
2381 1 2779 3982 3630 2577
3688 1 3688 1411 2676 1
1 2403 325 1 607 4677 1 370 68 1 619 1884 3143 1 1
4695 3748 2309 2381 3174 1 2834 2061 2374 264 697 1973
1 2482 3629 1 3574 4272 4540 210
1 4197 1433 1
115 2981 4091 3982 1 902
1
2387 2700 4359 3688 1797 3688 2136 4359 1 2309 4677 1872 1
1077 31 1 1822
1 1 968 1066 2061 2381 1 1 4542
1835 1208 1 1635 1995 3143 881 300
590 2482 4677 2337 3982 4656 1 1967
590 2482 2262 1
590 2482 3281 2061 1 3090 3955 2183
590 2309 3174 3982 68 2482 3450 590 3303 2570 2573
590 4447 3840 3789 3688 2381 1 1 1066 320
590 2301 2570 1 2052 2061 4677 1451 3143 1 3972 2243
2965 575 2836 4677 2523 1 3143 4542
1208 3688 3416 1 3982 1077 3688 2129
457 2926 2309 279 525 2029 2025 1945 1248
612 2570 1 1 607 1 584 514 2029 619 1
1 3982 4072
1 1 2482 4310 2309 1 396 2061 2933 1151
390 3703 2061 4605 2482 3958 2623 2061 191 1
390 3662 390 4111 3982 927 390 2057 2623 968 1 1072
2134 2690 4575 1 1433 968 1852
69 4385 968 2688
69 3143 968 390 1 3249 2482 1503 2570 4322 1 881 4028
1290 467 1687 2387 1294 590 2482 1265 2570 3854
677 435 1
3365 2022 3982 1 1077
968 1 2905 1 968 3758 1 1219 1 3982 1
968 1129 1 2700 2309 4677 1 2410
968 300 2309 3197 1 3982 1077
968 300 2309 130 1 3982 1
968 300 4649 2843 1 1797 1433 4640 968 2527 3982 1 1
968 1 590 1 116 2498 1 1 3982 1
968 1 3676 1 1 1 4677 3642 1 1
968 2135 3789 1 3606 3143 4499 13
968 520 4566 3143 3217 2700
968 3668 3982 4424 116 1
275 2482 4677 1 1 1 2570 968 709 1900 3143 4695 3748
881 4100 1 2309 614 2570 93
881 1455 2309 4376 3688 1 3982 1 3688 4677 3888 3179 1901
881 2309 1443 572 3083 1411 2135 3174 3860 3982 1
3248 2092 1 1512 748 968 300 2309 396 2061 1 3982 1
1 4677 1 1 4385 4146 3982 1 2570 1299 3982 1
743 4492 572 2570 1 1046 1
467 1 670 1 1391 670 3982 1843 1 2917
4177 3890 2134 1 2387 69 3143 968 4028 2482 709 4436 4103
4487 3501 519 3982 2533 727
3527 3143 590 3688 3390 1 1433 1
4677 1 300 31 390 1 2623 590 2309 1591 1
4677 1 1 1
1 1 572 4376 1 1 3982 2635 2309 4677 758
1715 2029 881 1 1 856 1
4224 1294 590 1 2570 2573 670 4677 1698 519 2387 968 2787
1 102 3688 2381 3003 2034 3165 4309
1 2945 2309 1391 1077 2029 1867 2155 2335 1 1 1
2812 792
590 2482 3218 1584 1411 1941 31 1835 1585 107 2061 968 2686
590 1 4677 1698 634 2029 4677 1727 3202 68 2309 1 190
1208 2381 223 738 1 31 3218 4677 4507 3143 4463
748 4463 3937
810 305 2309 4224 1294 968 2676 1 4677 305
3502 390 3234 2623 4677 4724 1432 1
2009 366 3143 1
1391 3477 1 1 2440 1024 3958 1391 2533 2700
968 300 2482 4219 3070 4338 968 1
968 3538 2309 4488 4224 968 1622 3688 968 3074 4241
968 4181 3143 1 1 3055 68 2092 4677 2598 1 4451 2894 2542
1 4649 4324 86 2038 3083 968 1 3143 2192 1 1852
881 1858 3684 4385 613 1121 1 1 2309 3450 1
4093 3837
3114 2703 1 4677 3967 3972 2800 2570 968 1 4177 572 1 4103
4084 2894 279 3124 2440 1 4459 3225 590 2309 279 1391
1620 3303 2635 457 881
575 1 2374 4213 3301 31 1 553 3574 1 4385 968 1852
1 2301 2570 2860 4238 3982 4625 2381 2296 1
1 1512 3143 1 1 730 3091 3982 1 1041 879
4677 1 4677 1995
4677 1 370 3143 4581 2387 2092 968 2135 1 3982 1 4538
4677 462 3143 2243 2947 2381 1 3192 2083 228 1 590 730
3992 2084 3982 102 275 2482 968 613
3982 1835 105 4013 2570 1949 4677 1540 1433 1635 4473 4385 2601 1433
3982 68 2482 4677 2192 677 3143 1831 4084 2118 2570 968 1503
3083 3450
4307 2570 1208 3924 590 65 1
1 2714 590 3860 1265 2570 2634 346
31 590 875 1 2029 968 1
3722 1411 2676 1 2635 2309 3891 2970
3749 1 1 1 4677 1 1 3143 968 1 3143 3537
1156 1620 3179 1 4230 1 116 1 3982 1715 1
1687 300 31 467 4349
1687 1 1 2309 730
1 3133 3982 3663
191 1 3275 3143 2524 2309 1540 3982 2262
1 1 1 2029 4677 1 1
1897 2155 147 2052 968 1 1885 116 465
590 2482 4677 1 777
590 2482 4376 1 3285 799 1964 4296 1294 3285 848 3527
590 2482 1 2570 1289 1 2482 1 3312 2570 191 1
488 2482 4146 670 1 4084
1964 69 4244 1 3654 1946 2309 4324 2387 968 709
3502 2309 4065 3982 977
2754 2029 1411 49 4217 2309 4677 1 3143 1
4718 4677 1443 2205 1433 4677 1 2135 1 116 2342 2061
2906 1 1 3387 3982 1 521 3387 2968 4640 841 3982 4550 655
1 2309 1 3218 2570 2049 2262 3143 4552 1 1 3143 1 1
68 2309 4677 1 2570 1 3982 1
968 1852 116 3860 3982 4656 467 96 1 4385 1 2570 1
968 3205 829 3143 1 1 2309 4677 300 4666 1 2570 1411 504
881 2309 4677 1687 4310 1687 3328 1077 1715 2387 2425
881 2700 2309 4677 1 1
881 1 1 300 2309 1843 4677 1395 1 3143 1
1 886 3949 1 968 75 1 1 2029 1
2968 4592 279 1987 1411 3774 31 2968 1585 2573 1380 3688 1797
4177 1885 4103 2274 3982 1636 2061 1151 1391 1 1835 4056 875 1
2456 2653 1 4419 1 4247 2456 3862 4677 3036 4048 4419
2335 2573 3124 3083 968 467 1688 2387 1411 1 3143 924 2243
