4677 4678 4509 499
2244 1830 31 3502 3972
4677 4671 2264 1455 68 987 457 4495
2381 924 3162 3613
3920 3982 4100 2429 3789 2570 1184
2770 31 2596 2815 2387 1325 2482 3629
970
590 2482 3218 4677 655 2086 2700
122 4103 2387 3188 1282
3605 3104 4649 4324 2049 2968 1525
968 2346 2700 68 2143 2736 4387 2894 3281
968 2406 2721 2894 3502 1433 4552 570 3470 590 2062 2570 3105
968 2700 2309 1797 1428 31 484
968 3831 2309 390 173 2623 196 31 590 2482 3891 2407
968 1632 116 2175 3982 968 3165 2309 4666 4385 4402
881 2453 325 2374 2752 31 590 2482 4666 4385 2310
3248 4677 2495 4048 3882 3945 968 4217 3254 3294 2374 4733 4625
1394 3178 2559 1946 4586 968 1212 682 4661 3143 968 1622 3708
571 2482 4307 3083 936 3327 2623 1073 3293
4677 1218 1455 2387 570
4677 139 1306 3143 4323 2708 3982 3519
4677 3888 2570 2049 968 4418 2684 670 3688 2571 3688 590 2309 3695
4677 299 3268 3143 2466 3175
3165 3179 3218 2573 3630
3688 2280 2381 2727 3688 3309 2309 2931
393 2309 3375 2227 3143 3285 651 1737 3319 3706 639 3249
89 2196 3982 1613 632
3924 881 968 3074 4241 1433 2221 968 1173 2076 3257 2028 2291
2020 2916 2162 3143 109
1480 2482 3048 116 3450 199 31 1885 1684 370
3075 2309 467 1077 31 3218 228 2029 4677 3952 4217
3163 968 4450 176 3143 729 427
4244 4677 748 4217 1433 3895 3577
3286 2260 2415 2381 3347 2388 572 3143 2720
1835 4056 3218 1034 4677 4113 3143 2807 31 881 1467 2309 3506 1024
2309 4368 816 517 3143 4677 3113 2867 968 4043 412 1503
590 2482 3840 3802 3700
590 2482 1999 3710 2570 457 619 3143 4552 1249 1852
590 3647 1433 2840 1797 2114 3515 2451 1818 3285 3634 4022
1697 2573 968 2135 518 3324 3143 4045 2171 4459 2517 3982 3853
1138 4437 968 300 324
3218 2419 4649 2843 968 3920 115 2686 1315 4338 968 2677 287
3404 3356 4148 2570 449 590
2324 968 216 2700 2129 3281
1872 640 2894 2077 575 279 2836 619 426 2633
4088 3950 2968 4154 4389 4604 2381 3088
1702 2309 69 3143 2941 4436 68 63 2570 2672
2604 3285 3403 1433 4677 726
968 300 325 4677 4181 3143 614 1002 2036
968 2700 2309 3218 3688 4306 3688 968 2414 294 68 4297 590
881 2309 3218 2381 426 300
881 3345 837 4048 4180 346 3764 3982 1208 553 2187 4508
3288 3906 2482 4355 116 1629 3212 3143 3936 2938
4084 3854 1901 968 832 4321 68 881 1614 2309 1750 2570 4677 3954
2968 4451 1039 590 2387 968 1622 3442
2968 3962 2637 2230 3688 2570 3989 2968 105 3124 341 2947 3888
2968 4126 2570 3924 3946 2482
2771 4407 3982 2262 31 1843 3418 2201
4677 277 4527 2700
4677 2401 2963 3085
4677 1662 142 300
151 2482 2239 2309 390 173 2623 2244
2127 2413 4058 3143 4552 538 346 1151
4677 199 2443 661 3083 3368 2572
4677 4635 774 2429 875 2244 4212 2160
4677 554 3982 927 2765 1057 3143 4677 750 3982 1416 768
4677 1851 3982 4289 3824 3668 1584 4677 2226 2947 2455 4160
662 467 1603 4489 3982 1715 3959 3314
2475 1603 1973 3143 2255 4686 968 4678 427 3982 288 3668
4612 4581 2559 2754
968 4181 3143 2700 2968 1289 1962 968 2832 325 360 854
521 892 2570 2573 3688 3443 2337 3688 590 3303 2570 2573
521 719 2387 1411 49 1687
1294 4677 718 747 968 233 779 1089 346 2570 2573
1777 1496 1512 3143 81 1459 4184 2918 3982 920 1169 3001
4677 4679 3648 1178 3143 3642 1222 3982 4345 1222 2061 4677 4520 4425
4677 2192 4583 857
4677 3431 521 1074 2570 1914
4677 4287 4609 2524 3143 2934 3390 1376
4677 2905 2779 31 927 2808 2520
4677 4670 804 3395 3053
4677 38 2728 2061 1851 3328 3982 4199 1248
4677 4420 572 3688 701 4233 3982 1844 3688 619 4131 3851
4677 2234 316 1925 3143 1248
4677 300 68 2641 4682 3143 1411 49 3668
4677 722 4112 3255 3143 4677 651 3390 2572 300
4677 561 1967 1818 4677 3150 573
4677 3814 3143 2507 2309 753 2029 881 224 1752 2595
4677 3815 1292 300 48 2309 4334 2347 1433 711
4677 2700 2968 2287 277 2623 69 2968 4129 1818
4677 4362 2895 3982 1918 99 1219 1047 3982 979 1358
4677 2939 758 68 1715 1768 2402 279 3066
4677 3049 1846 1818 968 4416 2306 3143 968 2248 192
4677 2160 3688 1177 3688 1411 1238 1066
4677 4168 572 3173 2251
4677 277 3579 4309 2029 90
4677 2826 1687 4425 2309 2849 989 2029 153 2617
4677 2050 1179 68 3891 761 1463
4677 2319 962 2611 1433 2253 3449 3982 671 577
4677 2329 4048 68 3891 4350 2476 401
4677 4587 3736 2029 968 2205 2570 705 1893
4677 1954 4072 2160 3143 644 68 2309 2770 3106 3982 2128
4677 264 1681 345 3459 4338 3609 1051 3982 3060 2551
4677 3579 1918 3982 2797 3160 3143 68 708 3955
4677 3358 4066 31 4549 2263 3982 2735 2875 4309 2029 3202 3982 1203
2774 1142 2482 3690 1986 1912 4512 1433 2968 670 457 4677 4726
775 1835 3215 279 1039 881 69 590 2482 3218 467 1687 1453
2381 4488 1801 3412 2635 3668
2381 3483 4327 307 68 1243 4385 2880 2890 448 2947 3049
2381 419 4048 68 2482 2546 521 419 4265 467 428 1453
2381 395 1030 300
2381 391 1553 4182 4390 2570 968 3715 926 3143 2381 260 672 3421
2381 1128 200 3982 2023 3662 572
2381 1593 3869 2963 2700
2381 1454 2577 1391 717 3982 1812 4156 590 202 4246
2381 1341 3907 3143 3920 2524 3982 638 4300
2381 1258 1207 3143 1635 2264 2700 3281 2029 968 1729 2499 13
1735 382 563 2570 402 968 4471 3143 872 4340
1826 403 2025 3143 4677 2523 2219 527 3350 3390 2076 2700
3688 238 3982 3362 3688 1346 670
3688 968 2488 1742 4177 162 989 4103 272
3083 1777 1512 881 2700 2309 2498 31 590 202 3477 1798
1759 2482 300 3891 3840 1090 4385 968 2078 3143 700 4103 3768
3471 798 1724 3783 968 1521 2192 4463
4049 2309 1797 4049 3427
2810 2482 4310 2309 2334 2061 1022 3022 1433 968 1655 3143 3165
31 4426 2791 2570 2573 698
4338 968 4463 968 2410 2172 2309 3912 861 3179 3218 2573 1476
4614 1670 3572 2061 4677 2896
1432 31 3218 4170 3789
1823 4051 4385 968 2622 3143 1411 1502
662 968 2243 900 1994 3982 2804 3143 4677 415 2191
564 1697 2573 4677 1259 1223 31 4298 2061 3808 2309 4353 293
508 1423 3869 11 1433 1410 2029 4677 2085 209
2227 3143 619 3143 968 891 68 3281 968 2139 300 1391 3430
3020 2309 2808 2562 3982 527 3556 3143 3450 527 2407
2537 2482 521 1687 2387 881 1427
1636 607 652 3502 390 2623 968 4553 3117 2947 1231 1455 4387
1635 3085 2968 4551 4649 2573 4137 2982 2464
3232 2482 3368 1638 3045 3982 670 3169 670 1423
4224 1294 2968 1131 2477 4385 4677 884 3931 3995
2589 2570 1234 1512 2387 3844 804 590 875 202 2043 2044
3612 968 2452 4084 4444 1745 2309 69 562 4534 2482 1872 3832
202 457 4677 1002 1945 851 3785 1112 968 3437
202 2593 1698 3982 3476
93 968 3289 2676 1294 2482 2061 968 2500 1336 1657
3886 590 2482 4181 3143 2308 4640 2570 4298 3982 640
4385 1049 2570 4242 881 2989 2728 1050 457 4677 2508 300
3074 3583 2338 1964 2036 3982 2097 1964 3747 2387 619 3143 968 1852
3074 3143 968 4181 3143 3986 4039 68 2092 3383 836 2590 2029
2046 2061 4677 3751 1229 3432
3973 3076 4385 968 1993
4371 665 4677 343 668 3629
4510 1070 116 2189 968 4365 3654
884 4172 3748 884 2641 3748 826 2591 2951
325 3450 968 4234 3859 31 4460 2304 2570 4373 324
2398 2061 543 1853 3143 651 4259 164
4247 4252 2570 2573 3785 1112 968 3437 1049 2061 968 4033 4310
2249 2130 4048 3143 3118 4281
2840 1835 2355 2134 1669 4387 2573 4677 1135 2029 4131
2840 881 69 2509 968 684 3909 1835 1585 3891 2816
1835 1131 277 1184 4677 2897 3143 968 3473 2144
1835 383 839 3982 2061 1964 4672 1398 2387 968 306 1979 1512
1835 2894 3218 667 881 2675 4338 4677 2700 2029 4677 748 4463
1835 3623 68 275 116 390 3860 2452 3143 3420 2061 968 1288
1835 355 390
2031 2092 656 1943 390 3900 968 3668
2031 2968 4423 2824 2387 4677 3668 3854 279 3644
616 68 2155 3281 1403 1806
2029 968 2630 3143 968 4046 590 202 1629 2170 3982 33
590 2482 4677 3896 2191 3982 4677 748 4198 69 3083 68
590 2482 3450 3506 4629
590 2482 2381 1868 2069 363 68 2482 2717 1512 521 748
590 2482 1331 968 1595 31 3218 968 4288
590 2482 3710 2570 1715 2760 881 3688 4677 1950 4684 104
590 2482 1208 4677 2533 521 4218
590 2482 1208 3218 467 3365
590 2482 457 2381 3364 4005 2570 729 2482 2311 2047
590 2482 3218 4677 415 4425 1208 4677 415 2700
590 2482 3218 615 2570 3304 968 4248 3883 2029 881 154 4048
590 2482 554 2029 4677 4217 68 3080 1433 968 2193
590 2482 4324 3218 426 2570 2049 2440 4677 367 300
590 2482 1644 2963 3231 3982 4094 1591 4673 2454
590 2482 521 415 68 968 20 2309 279 390 3789
590 575 279 370 3688 1453
590 2149 1964 4217 2570 1370 2947 4511 1411 1931
590 3552 1411 1852
590 2309 1149 1883 4535 699 3982 2689
590 1861 652 520 2570 2533 3103 1818 1411 3373 1288
590 2335 2894 3661 275
590 875 202 457 4677 2130 3123
1411 3192 3982 427 2836 2979 4318 629 31 2533 390
4026 269 3133 3982 4656 150 1423
1208 4677 2873 2309 4677 1208 4677 4507
1208 521 2461 3982 2837 2570 227 1411 3135 826
3867 4625 3176 1411 4217 2570 2381 4384 3150 3227
4668 2335 107 2570 191 2656 4457
4057 3888 3143 4677 3388 2832 3709
457 4677 585 3143 2818 2605 3765 2387 1375
457 4552 4348 570 122 4103 2387 3936 2300 1897 2780 3936 7
2360 2828 4385 3813 69
1157 4172 611 40 3982 2062 730 2387 390
1069 709 2573 528 3688 4677 2979 2089
2135 3143 968 534 1452 457 4463 1756 1219 1717 1429
3477 3143 968 3461 2309 1080 2947 1208 238 415
2134 49 810 305 2309 68 590 2389
2134 298 3972 980 1426 2700 2309 4677 3352 3633 1867
1740 2012 1697 2573 2675
4549 1658 1635 2656 2309 4677 605 1179
3460 3143 881 2309 3189 3688 3416 3688 968 1156 3354 2570 3527
3460 3143 881 2309 467 1072 3982 590 2309 279 1499 1077
3218 1391 3477 1732 3688 4138
4502 215 982 3982 968 4485 1077 957 116 1603 3982 4666 1219
69 3143 968 2135 3239 2228 2029 4499 3224
2947 68 968 1825 1433 3285 1184 325 983
848 2998 881 2309 3371 2700 999
3013 2482 4584 4451 2894 1460 2374 2789 3776 1947
3528 31 3218 390 2623 1404 399 3043
1914 1473 1361 3547 3678 4206 2155 2714 1826 300
605 2261 3982 3929
3977 2581 3143 1504 3320 2309 4338 4666 968 3556 2700 3143 968 4028
1286 968 2135 1720 2160 2129 4642 4338 4677 1444 300 1230
2826 575 1452 457 4677 2498 2829 346 2570 1120 3237
123 3143 4178 3982 742 370 4385 3012 2570 4163
4590 4677 1349 2827 1119 2265 3487 368
3169 3074 3583 1050 457 968 370 3143 4677 1674
1774 4385 3540 185 180 4338 4677 1382 1819 1685
3382 4540 210 4675 191 183 3098 2029 968 1622 1945 3668
3971 405 346 3143 1503 13 2980 3982 881 2309 1208 968 4374
337 2442 2309 2533 390 2623 4677 3626 2700 496 2570 3137 4463
288 2461 3982 2887
4551 968 300 3982 3369 968 3879 731 4701 2912
2799 4338 1411 49 3619
2374 2974 370 2374 3854 279
732 881 3943 2533 1884 4299 3982 732 590 575 279
1239 1262 575 279 706 1543 4149 2482 4060 1391 3477 3688 1758 590
2389 4385 3012 2570 4163 457 4677 3652 800 1956 3143 4052
2004 1835 3196 1856 2029 968 1412
2164 762 3937 3295
968 3650 3023 116 521 2864 3982 3737 2570 2194 4376
968 2411 3143 2543 3968 2309 4677 3967 3814 3143 2667
968 3493 3905 968 2992 4111 2370 3143 1239 1648 2482 2743 2482 971
968 2677 287 457 1411 2676 1066 2309 783 346 3143 994
968 2677 287 2309 3218 2381 426 300
968 683 4271 452 2029 1791
968 3165 2309 279 3477 4307
968 1382 4425 2309 3373 31 159 3445 2759 3982 3371 3067
968 4228 2906 2714 968 2461 1072 1041 3354 3365 3982 4698 2029 3584
968 547 1522 2103 4307 2623 4677 2808 4003
968 2107 3891 4350 2476 426 2454 3392 3083 242 2459 1852
968 1351 2036 3143 968 2700 2309 3781 3982 173
968 3749 325 4110 36 1818 968 849 3083 1635 3539
968 4242 3831 2309 457 1002 3454 2061 2092 968 1128 898 2465 3683
968 300 3179 4522 2968 4376 24 3596
968 300 325 4677 3241 1730 4376 590
968 300 2247 279 233 31 590 2247 2421 4338 968 3768
968 1156 1069 4126 2570 841 590 607
968 3515 3982 968 4310 116 4677 3648 1424
968 957 116 1681 3982 968 1161 4252 3186
968 2700 2309 4677 1179 4385 3012 2570 4163
968 2700 2309 3688 4480 3688 904 2482 4150 3908
968 2700 3590 1964 390 2623 4677 731 3143 1681 3452
968 2092 835 1835 440 3083 4575 968 2788 1620 1943 2570 1289 590
968 1821 1151 3351 2374 3751 3756
968 1703 116 4666 390 2993 2623 1775
968 4310 3445 1615 3982 2591 2803 457 4677 199 344 1766
968 3668 4448 4677 1067 1421 3143 1320 401 3982 124
968 1272 300 1050 457 69 3143 2606 4573 2482 4210 984
968 835 1208 3891 4172 4160 968 3964
968 84 4310 3366 535 4086 3143 4582 2883 3982 522 4427 1277
968 3967 599 2309 3688 154 3688 3179 2573
275 2482 4677 655 1210 3143 4577 3328 3982 1204 1973
275 2482 4677 3442 1831 1385 2309 2092 1869 1512 748
275 2482 2381 4090 4689 300 3654 2991 590 4517 2387 1206
275 2482 390 2825 2623 1132 1495 968 2700
275 2482 1964 1687 3966 2570 68 69
275 2482 3502 3860 2029 3585 1153
275 2482 3502 2890 2694 2947 217 3654
275 2482 3502 2570 193 4385 1040 1885
275 2309 1391 3477 605 3825
881 833 2700 2092 325 4376 739 1512 3143 4173 3034
881 511 300 2029 968 3719 4252 3982 202 3579
881 1196 409 3668 2309 3178
881 2309 4677 300 3938 4666 521 3477 2029 1411 49 1481
881 835 2309 1208 4519
4347 4091 3982 927 1379
4647 211 4385 968 3965
4463 346 2309 3688 3368 3688 4677 4403 752
1087 2797 3982 4192 3630
521 415 4369 4451 279 148 607 2061 4677 4307 4310
521 3477 3143 3059 325 4677 3579 1753 1452
521 2461 2570 917 3032
521 484 2387 4677 232 3598 521 4580 2387 2381 349 69
805 968 4242 3321 3143 3450 1061 1012 1818 4677 2907 3350 807 1455
2125 2092 2029 3218 416 968 1837 1261 3840 4666 1830
2991 968 3668 3982 968 4417 116 803 2061 4677 742 4310
2781 2387 590 2570 4322 1075
4084 105 4169 1612 2482 4043 370 31 331 790 2668 1002
1294 4084 1901 2309 4732 377 2061 968 2314 4267 3143 4042
3470 2968 1316 4677 3937 851 614 16 2335 148 2460 1964
2061 2947 1584 3398 1360 3254 272 2570 4677 2209 2256 2360
1584 1837 2482 3809 2353 968 948 2309 4639 3982 3060
263 3869 3333 3982 2382
2968 1069 2573 1890 2570 241 68 3309 2482 1872 24 2309 2407
3285 2292 2387 3154 3647 1425 1433 3285 470 2387 1082 245
4177 881 2700 4410 4103
457 4677 1441 851 2482 2968 3179 1450 1433 452
862 1219 1411 3197 1973
1050 457 2374 4577 2927 3295 4385 4677 4291 2630
527 4055 3217 1500
4677 4678 554 1179
4677 4612 366 3143 3700 68 1388 521 614 2570 2573 4111
2381 1137 3143 2692 4188 4528
2533 390 2623 4677 1854 2927 2728 3499 2387 968 2192 1042
968 3668 1644 3006 3945 2824 2387 4123 2368 3982 829 607 3252
275 2482 4677 1311 801 3505 2570 968 3967 3055
1885 252 968 1713
4677 4678 1735 3085 68 4440 2791 2596 968 425
4677 747 68 712 2570 454 2303 1635 69 3143 1411 4301
4677 1212 2577 4376 968 140 3143 401 68 2309 3596 2615 1043
4677 1992 3712 1584 2479
4677 1812 3004 3271 1455 4677 2400 4309 2029 2835 3982 1749
4677 3617 3281 2700 68 2309 1964 390 2623 3438 3174
4677 300 68 4448 1962 3143 1411 4058 664
4677 2533 1851 670 3982 590 2309 279 68 1077
4677 1179
4677 2700 68 2482 4376 3688 1938 3982 3720 3688 968 3792 590 1413
4677 3416 2160 68 575 3218 4004
4677 4033 1960 3143 4043 4307 1484 1503
4677 1499 163 3982 3707 1423 80 1220 2577
4677 4696 1263 3143 3611 3521 31 2254 2111 2700 4578
4677 1227 3982 852 4309 2029 2319 2924 1563 3982 2381 1799 4643
4677 345 3143 3034 260 4347 1216 4338 1430 894
4677 3668 1946 2304 2570 4225 2476 1411 1344 121 3034
4677 157 3680 3982 2381 1420 747
4677 467 173 2700 3143 4058 252 844
4012 3011 2560 325 1411 3024 31 4638 575 968 3247 1964 2035
2381 3786 733 31 927 1653 320 2029 2741 953
2381 223 1229 2061 1964 3047 2570 2573 2880 390
2381 3492 4044 68 2482 3218 3695 3218 3365 3982 3218 4027
2381 387 661 3083 4677 2700 3143 3958
3899 2099 3143 4466 4179 3972 3242 3982 3936 3005 4523 4702 2518
15 1431 4385 968 2582 4319 3143 619 3181 2979 1133
3688 3133 3688 4228 445 3143 968 1645 3982 968 1129 1129 3325
415 3982 4679 4385 968 2726
397 2247 279 69 3143 968 300 2482 4636
4559 3972 3522 48 4441
4598 325 881 1614 2129 2528 346 3143 2948
4338 1089 3138 1164 3982 3503 3067
2402 279 1901 1830 3143 3290 1175 48 2235
4351 2482 4424 3982 2551 116 3389 1105
4728 2695 2482 1792 2700 2521 4451 3220 4677 2533 3390 4654 4305
1209 46 1621 3982 1718 97 1002
3722 2374 2215 3982 2688 881 3199 2510 3921 2309 2348
4186 4007 346 3574 1602 2029 3574 2135 1741 3629
3854 279 1715 3644 2570 2828 881 1433 1121
771 4103 4376 690
2378 2061 2014 3982 2195 1964 1592 2570 2359 968 3034
2419 2482 2570 1383 3654
760 529 1437 2309 390 1353 2623 4677 1055 68 1701 1635 3564 4143
202 745 3982 3579
4714 2570 968 1880 4272 390 457
3074 3143 2114 957 3982 4041 4427 3086 5 2673
1935 1009 4677 1687 3629 2029 4677 300 68 575 279 266 590
4172 3152 1942 4338 2381 1782 2567 3192 3982 4428 2551
578 3982 1939 1208 4126 2570 3002 968 551 607
4244 1433 3982 1433 2570 968 4365 3143 340
325 4677 3463 4462 360 31 4677 4694 3143 3466 3805
2155 2482 3218 1687 2061 2788
2155 2304
4131 2172 1208 2309 279 467 1077
1835 4056 3218 4224 2004 1294 881 2700 108 590 2309 4376
1835 2780 968 2700 3688 2295 3391 3596 3688 968 3107 3792 590 2904
3691 4656 458 3345 1161 4048
2029 968 3972 884 1715 968 2977 4172 1404
98 521 3477 4672 2184
590 2482 3072 1584 968 957
590 2482 1175 2648 4021 2054 2029 881 3890 3790 1307
590 2482 4677 415 1590 2029 4677 4048 3470 2968 357 2816 2650
590 2482 4640 817 154 3982 1196 2029 1411 1707 2570 2573 4072
590 2482 1208 238 1422 3470 590 2309 279 3371 2461
590 2482 4006 3982 154 3982 4489 116 303
590 2482 3438 3174 31 1835 524 2402 279 4579 590
590 2482 69 748 747
590 4387 370 3477 4307 3688 4677 1886 4318 3888
1208 1826 73 4635 154 1813 4048
303 4375 3982 2383 1506 2062 607 781 2623 1559 2482 2217
2197 3171 2303 4106 1964 2305 3182 3451
1425 881 2309 4677 2700 68 1843 575 590 4338 968 2358
3959 4677 320 2029 777 2947 2635 2623 4677 320 2029 2711 125
457 4677 3179 3143 2027 1945 3546
4252 3982 202 457 4677 1303 635 3143 3399 2947 3953 2482 4217
4098 1241 4385 1317 2045
896 2482 2700 457 1194 3410 2482 1747 575 3218 370
4329 4338 2358 1208 575 279 4530 607
4148 4677 2533 3959 2715 3982 4677 3814 390 338
3891 2062 324 3688 4677 76 3967
3460 3143 968 1852 2947 1909 116 937 1830 2570 1894 619 861
3218 4540 575 590 148 3954 2570 3540 3857
3003 3860 31 4219 372 4677 4243 2570 4677 875 3203 3668
665 2607 3502 1835 2338 279 260 3124
909 441 3982 2237 4677 1179
1441 1517 415 373 3982 1100 3328 2069 968 4514 1161
3998 2061 2245 1248 3982 4666 521 3477 3328
976 3444 4103 4677 4444 3143 812 2242 4103 191 4113 468
2791 457 4426 3390 3982 2600 1332 1503 4575 969 1544 13 2980
246 258 3982 3733 2031 1919 1689 2073
337 2442 2335 2573 803 2381 4652 2081 3083 1635 2832 3056 2061 590
4580 3256 3982 554
1644 4677 2718 3143 968 4043 1166 4436
1644 575 279 2894 4628 4518 2570 2430 1411 1780 1434 4463
4551 881 2556 2828 3536 2559 3982 2118 730 2570 968 121
1391 2407 68 1715 1411 3135 826 1917 3450 968 4217 1112 590
2790 2482 356 980 3504 575 279 2051 968 565 3143 1279 1085
1080 3982 889 3982 1812 574
1948 3074 3143 3596 242 3575 3982 3502 2570 544 4376
4448 4385 3450 968 664 3143 968 3955
968 572 2309 2888
968 73 1179 2580 3688 3443 3688 328 2482 3097 91 4177 3854
968 3859 4575 3450 275 31 2534 3143 4677 2579 676 3457 590 1681
968 2971 3507 3143 3537 325 3891 2450 3941
968 300 2309 1681
968 4553 2774 1142 1214 3982 1286 968 3556 300 3143 968 4028
968 2700 575 279 4530 2880 4637 2570 968 2850
968 2700 2309 4677 126 901
968 2700 1617 43 3688 3418 3688 1626 1161 4205 1530 3599
968 1318 4137 2609 3982 4440 4677 3586 1219 2052
881 1180 300 4244 4160 968 1876 1114 3218 2207 2387 968 4307
881 2309 4677 1591 1591 415 2700
881 69 2309 524 756 31 590 2482 1843 4124 3982 892
881 835 984 1433 1964 4344 1153 2387 452
3248 436 3521 881 3758 1133 2136 2309 1629 4714 3982 940
2570 2573 2363 2570 968 963 3143 881 300 4387 2573 467 3171 4521
521 4678 3982 3870 4558 2570 2573 1591 2937
521 3589 1753 670 3982 748 670 2387 1411 49 1687
4137 2982 3143 1610
3500 2482 3860 4108 1202 3982 2293 3342 2791 4677 3216 1366
1121 686 116 390 1775 2623 881 1179
1294 2482 698 2309 1294 4084 3924 968 4177 4211 4103 1414
2061 2131 2504 2968 4451 3526 968 3967 835 2029 3285 3050
2596 2815 4540 31 1411 2215 159 2856
517 3143 968 2279
4677 3051 2748
4677 1629 1681 696 572
4677 71 618 572
4677 2922 345 3143 968 1847 1072
2229 4554 3982 155
2127 2155 3958 3143 2150 1405 3761 116 390 3789 2623 968 312
4677 897 599 228 2073 2429 4440 4213
4677 2700 68 3840 1644 2335 279 2894 667 3281
4677 277 4678 599
2381 391 2970 2111 282 68 202 3450 521 745
1826 1263 3143 2840 1142 2309 2817 191 462
4307 127 3688 4677 3824 3668 3544 4 225
2062 3845 2092 3470 590 4697 1099 2570 968 2050
1964 2215 1964 4489 1964 2262 1964 3442 2570 1184
69 1733 521 4058
968 3668 2309 1345 882 3982 238 2963
968 3967 835 526 2092 2029 4578 452 617
4593 4145 4198 3982 4460 244 3133
4677 684 2700 4376 4298
4677 2700 2570 93
4677 693 64 2115 2061 2994 933
4677 415 2700 68 3446 2570 1687 4417
4677 718 1640 1030 1250 2387 4677 3662 572
4677 4641 3499 31 1423 3982 795 4177 3606 4103
4677 2192 2137 1550 747
4677 2192 4657 3143 1248 68 968 450 3461 1034 3512 1433
4677 271 2679 3982 463 1220 2700
4677 3042 3499 3450 968 4217
4677 4255 4507 3143 4463
4677 1356 4317 572 2092 3189 3688 1432 3688 590 108 590 2309
4677 378 3648 1424
4677 988 3239 357 774 366 3143 2561
4677 2797 2581 3143 2572 3982 3345 1248
4677 2748 2387 4677 2700 68 2335 2894 667 968 347 4158 1321
4677 807 3143 4677 4625 1774 2092 4338 1411 3170 3014
4677 780 2700 3221 2029 3508 362 3143 1019
4677 1423 1027 3982 2797 2572 300
4677 1423 3054 4233 4256 2021 2160
4677 4635 3501 31 927 1615 1013 195 3430
4677 3186 478 4625 68 553 2933 2968 934 1897 3143 595 2052
4677 3161 2087 68 1636 607 969 467 2533 2061 1411 4621 4425
4677 152 1850 31 395 2461 366
4677 3190 2218 1304
4677 4524 2700 68 575 279 938 2968 1830 2570 1452 1687 4376
4677 300 3143 2765 685 933 2029 1946 4329 2309 2737 3982 2262
4677 300 68 436 2412 2570 4415 2349 2570 968 2820
4677 300 1584 2410 407 805 439 874 3982 932
4677 2434 2423 1433 826 319
4677 722 2902 68 4656 3445 2678 231 3470 590 2309 279 185 3096
4677 722 3792 572 4193 2570 2573 2681 4338 2198 4047 968 2365 3704
4677 1963 1572 1455
4677 655 4310 3932 1942 4338 4648 3993
4677 2132 702 4633 869
4677 1675 670 2947 277 1362 670 1250 2387 4677 300
4677 1980 4606 1583 4260 68 1715 2155 2791 1501 2570 2573 677 3143
4677 3565 3982 831 599
4677 2533 4268 4451 2894 3544 4677 748 4217
4677 1556 3982 4639 366 3143 420
4677 2137 1189 3982 4469 4198 4492 4002 572
4677 3073 345 3143 968 1393 1845
4677 2111 2026 1795 2577 784 4107 3688 4677 3368 4625 4376 1803 4564
4677 2654 2510 706 3143 968 4190 814
4677 2700 457 968 570 2309 1831 300 2107 3179 2573 2173 370
4677 2700 68 2591 3324 2570 2206 2627 3982 3976 2524
4677 2700 3255 3143 4677 2422 2160
4677 1820 1813 4048 3998 2061 2643
4677 3771 3305 2982 968 300 2309 4217 521 1860
4677 4610 421 572
4677 1629 484 1776 300 4220 2061 390 1181 2623 3467 2472 2482 316
4677 3528 2031 2348 4165 3143 4677 300
4677 605 841 3083 968 3112 2150 1112 968 3880 3143 3919
4677 2827 300 1584 968 1702 1151
4677 2761 1687 192 4425 3982 4090 3461 116 3223 753
4677 154 2111 2923
4677 1204 2937 2650
4677 2130 572 68 3891 2826 2112 346 3143 1411 2199 2533 3549
4677 72 371 3143 4335 2670
4677 4570 1889 2767 3854 3218 2451
4677 2138 3143 1248
4677 4722 3645 366 2061 2108 3877 1852 3982 4226 68 3891 3840 4373
4677 1578 3143 1635 4292 2700 4385 968 579 1029
4677 2503 2908 3982 927 2765 1562 85 2651 1161 1455
4677 4539 4309 2029 4640 427 3982 2006
4677 4068 3143 1151 2029 34 3143 4677 2700
4677 4191 1725 3662 572
4677 4565 4071 4048 68 1734 1411 2676 3450 521 3063
4677 1017 308 300 1588 4385 4677 1067 1421 3143 591
4677 4200 1116 4426 4107 3688 4677 1872 2700
4677 2043 17 3982 3903 4377
4677 2963 2797 2572 300 68 2373 4723 1611 2387 4653
4677 4306 2700 68 2374 2788 4649 4464 2634 3416
4677 4048 1584 4677 3814 3143 3048
4677 4048 1584 3048 3982 4677 2417 2227 3143 1920 4008
4677 3610 4081 3762 1987
4677 467 484 2685 2834 2385 4677 3506 1892 1945 3807
4677 4507 3143 253 3514 2029 968 3165 3746
4677 370 68 3905 4640 4677 2017 3982 4677 4332 4183
4677 2969 2533 1616 2728
1161 527 3134
404 1545 31 2562
1706 2482 1161 3793 1916 1069 2573 3070
3450 1472 3982 1964 2700
3450 968 1852 116 1686 2072 3982 2894 3393 3936 4273 3721 3982 799
2381 2193 2557 3165 4309 3499 1433 1593 1921 1121
2381 1545 4134 2728 639 4338 1441 369
2381 60 3025 3143 3508 3982 3271 68 325 1964 4365 3982 4244 3053
2381 4644 2700 2061 521 3477 3271 3982 521 2533 4581
2381 3370 2700 68 4649 2092 4645 968 2135 2735 3904 3143 4603
2381 39 635 3143 1940 68 1208 575 279 370
2381 3483 892 4309 2029 4345 1222
2381 2765 1653 4309
2381 2765 1593 4309 2029 2339 4667 3982 2763 478 2870
2381 2765 2899 3143 2381 3606 277 2623 968 1872 1210
2381 1715 390 154 1776 2595 2623 1411 504
2381 1631 322 3143 968 3711 3143 4677 2700 144 2061 2381 2193 821
2381 3963 2461 4048
2381 3413 3982 400 3436 3143 746 3699
2381 820 940 3982 4235 4658 2700
2381 2023 3280 275 3431 3143 3043
2381 658 3749 2541 325 3477 2570 2682
2381 4656 4198 4165
2381 190 447 2089 4376 435 2788 3982 3936 3927 3910
2381 1593 2919 2700
2381 1579 661 2570 2049 4677 4118 2832 366 791
2381 921 3907 3143 1650 2053 2243 3982 4194 4034 3311 3729
2381 1298 2676 2387 4677 300 68 325 3502 188 4376 590
2381 1922 3345 4625 68 1734 3596 3450 521 3032
3982 2788 2049 2262 3143 452 2387 2312 1547
1826 827 2700 4385 968 3625 527 1269 4002 3143 2942
3125 2454 4108 2868 4151 1405 3761 3891 3840 3738
1633 202 457 4677 3768 305
3688 1072 3982 2034 3688 1729 2798 2482 3841 3143 4716 968 613
3688 3362 3688 1885 148
3688 2913 3688 590 2309 774
3688 3383 1503 2118 1620 2309 1330 2594
3688 2090 3688 1729 2798 2482 4159 485
3083 3739 590 2002 3353 2570 1184
1435 840 521 614 2570 2049 881 4677 572 2947 3368 4625
1862 3945 3083 968 3012 4206 10 1515 2029 2511
694 590 2482 3506 31 1027
4331 2309 1715 2740 2623 1835 2180 4677 2700 2129 4451 2573
667 275 1428 68 4677 2408 3739 260 3982 4307
667 275 1428 68
709 127 3688 1835 2816 1294 2968 3215 1729 1381
1817 4385 4043 1503 457 590 2029 968 2135 293 3982 4672 133
3773 3523 3982 3741 4488 2570 968 4365 3143 1174
524 3218 4677 1687 2700 31 590 2247 279 2132 1453
3811 590 607 3688 968 3556 4181 3143 1001 140
1526 325 667 1667 2387 968 687 3143 2731
2003 4387 105 539 4677 3814 4307 2338 590 667 4677 2498 300
1311 1972 3888 4376 4177 968 3942 4103
1002 240 3982 303 619 1952 2947 4171
1002 554 4347 4101 320 2029 4015
2722 3110 3821 1512 1818 4677 3401 3719 3143 3343 933
2722 4093 1411 49 1716 4209
2062 4372 3688 4677 4635 1851 666
2062 4160 457 4677 415 755 3143 968 177
492 281 3688 159 3688 213
2265 2384 1449
2322 1069 2573 4677 804
339 3357 4486 2029 1172 191 3240 4385 588 600 2570 3159 1230 742
4139 3143 1411 4045 3447 3982 390
3722 3450 968 3602 939 968 300 2309 4219 2048
3722 2374 192 1594 1602 2570 589 3891 2351 285
3722 2374 4332 996 3891 4350 2476 968 4344 3143 4677 4221
1185 1818 968 2797 327 1433 100 74 2865
3749 4650 4095 3982 1714 4650 4545 2402 279 2732 590
3749 928 1038 3590 1942 191 2744 2063 2061 2398 1488 3982 3701 2800
1344
4627 1423 3345 572
729 210 2884 1411 4290 2387 4677 1762 3085
1327 965 3982 2489 247 116 1368 4338 4677 3068 4310 3982 1371 996
3854 279 1039 365 59 2156 2858 1076 1962 590 2482 1465
3854 4084 2826 3338 1826 300 68 3887 4256 1494
4630 3402 3143 4285 338 3920 2524 3982 4329 2417
575 279 4530 607 2570 3477
575 279 4023 4677 4442 3200 1715 1433 4677 2587
575 279 2826 4530 607 2570 3477
575 1294 2335 3354 3710 590 2714 3005 2119 691 1891 2407
1428 2029 1684 4338 4677 1851 4310 68 2402 279 2462 968 3606 437
4639 2577 3143 4037 3892
1423 4677 3795 2700 68 2482 264 2498 3143 4640 2340 3982 2851
1347 1162 1642 3394 968 4672 3982 1488 2309 1704 1433 2953
2276 4309 2029 2028 3766 1161
3045 2429 3026 3933 3982 1311 2025 2029 1946 3243 2309 968 2092 3195
178 2768 2772 191 604 3982 3681 2387 165
1406 2197 3982 120 2407
3690 1440 3679 2591 1681 3688 4677 4270
2315 3905 1700 4024 2387 4677 300 4376 69 3143 2674 2482 1858 1554
2574 2309 4607 31 590 2482 1208 521 4609 3982 521 3827
411 390 774 2623 1006 2482 3618 388 2129 4575
4219 968 300 2309 1851 1433 3116 3982 4332 1433 1357
1715 1583 2482 2124 192 3576 3982 1497 4542 2402 279 4257 881 425
1635 4685 1832 4677 3749 4451 2049 2029 1671 2136 325 667 2542 3654
1635 4239 2309 3469 3083 1688 1008 3739
1635 4430 761 3456
3232 670 1715 24 1433 2381 1609 3866 670 2309 66
3232 68 2247 4234 4376 2709 2309 1274 2029 1411 3085
3232 2247 3688 1043 3688 968 3655 3972 1018 2597 1996 2457 2338
4014 4198 3982 128 4053
2304 2570 4715 3818 1411 254 4238 3955 3048 2947 2859 2243
202 457 2767 4677 2702 3143 4043 4307 1503 1955 324
202 3141 2808 3083 1411 4111 3374
4220 2061 1115 2243 79 933 3982 4677 4100 3620 2387 24
1359 1318 2968 105 3124 590 3450 4206
2146 4655 3974 2309 3891 3740 2570 2233 590 730 1433 2935
2148 429 642 4716 4285 300 3086
2387 3450 968 2356 590 2482 3450 264 154
2387 4352 3486 2092
2348 2031 433 2700
1661 3110 520 2309 4677 3814 390 3569 2623 782
1901 346 3285 4019
2118 2144 4234 1942 968 1299 2909
3875 2309 655 968 2700 2482 3218
2181 31 4438 2597 2375 1050 457 2932 575 4683 1044
4693 2570 841 3083 31 2330 2887 3982 1199 4677 3026 135 3606
3087 2309 279 44 3982 828 2309 279 592
335 1112 968 2700 968 2243 4664
628 851 2309 4677 942 4677 3716 1584 90 2947 2511
325 3450 968 3855 3982 2861 1443 3057 3143 2381 3841 3143 2266 4201
325 3450 968 1984 184 3143 4677 3975
325 1411 1973 31 590 2482 3506 4666 4385 4677 1401
325 2930 2374 3143 968 4420 278 68 302 968 709 3143 406
325 968 73 1452 3143 4677 2702 3143 4354 4318 2974
1039 590 1962 590 2482 4648
2155 2791 2570 4126 4640 31 4486 2029 4578 2546
2249 985 2062 3845 3688 1411 49 3922 1834 2029 881 2160
3480 2895 561 3982 1109
2840 3133 2309 337 2442
2243 2029 1835 117 2309 1391 3899
561 3491 4581 382 3281 1584 4677 207 3143 2804 2947 1036
1835 4056 692 590 4360 1942 465 2570 968 2615 3852 1151 3143 3784
1835 4056 790 558 2675 68 590 3215 279
1835 1843 1233 68 476 1416 2309 3218 590
1835 2402 279 4579 590
1835 3179 4293 881 2700 2029 435 1078 4360 4367 4103 1942
1835 4451 2894 1460 2134 4137 2982 4307 1040 3540 4655 944 210
1835 4451 279 1743 31 1452 968 753 3226 3143 881 222 572
1835 3215 279 3586
1835 3215 279 1937
1835 3215 279 3527 1391
1835 3854 279 3527 881 2700 1836 640 3083 3450
1835 2780 590 484 154 3982 3218 467 3174
1835 1039 968 3505 3143 1048 667 1934 2029 968 3708 3143 4492 4581
1835 2894 279 3124 2440 959 1103 4459 422 1331 2246
1835 3396
2031 2092 590 4575 1797 4513
2031 881 2309 2674 1835 3258 326 2570 4036 3982 94
136 2438 2220 1533 2029 2635 2061 1350 3516
876 575 279 3854 3477 2061 1411 1908 3722 4677 2706 4332 3461
876 2309 4677 3787 1942 2387 3749 973 2665
2029 4677 1785 4217 2403 325 1428 521 3477
2029 3468 3143 312 881 2700 2309 3639 3982 1278
2029 968 4242 275 2309 279 3477 2570 590
4470 4380 2570 3225 3502 3143 2407
590 2482 4677 3280 4236 2733 3070 3727 3964
590 2482 4677 2192 1146 31 968 300 3596 2309 1017 3982 310
590 2482 4677 2417 2840 968 2700 4451 2573 4642 2029 881 1221
590 2482 4677 3795 4625 2061 521 4058 1274 1089
590 2482 4677 4306 2700 2029 1635 1301 3982 244 4402 2570 1184
590 2482 2002 3506 1077 31 2029 3450 968 1274 4490
590 2482 2002 521 4034 670 968 1484 2700 500 3143 4677 1218 1455
590 2482 3450 4475 847
590 2482 3688 2031 904 3083 1760 325 2984 115 812
590 2482 55 4338 2174 769 3982 1105 3993
590 2482 173 2570 1289 2840 4666 3462 325 2116
590 2482 4724 1077 31 3891 2826 1734 4160
590 2482 614 2570 1233 68 4426 1391 2498 4451 2573 1391 543
590 2482 919 173 3982 3218 467 1797 1428
590 2482 2029 968 1161 1151 68 934 949 2803
590 2482 1208 238 2407
590 2482 1208 277 4006 3982 1423
590 2482 457 4677 4401
590 2482 2714 4677 4307 2649 2623 2700
590 2482 3438 2050 620 2005 497 2692 3982 4460 774
590 2482 3218 1072 1830
590 2482 3218 521 3477 3143 2880
590 2482 264 4678 3722 968 2398 560 3143 1529 996 3982 3993
590 2482 521 415 3502 727 2309
590 2482 3641 2570 2573 1981 3470 2968 4423 4488 348
590 4341 3450 2385 3891 1606 3477 1110
590 2068 2029 641
590 1636 607 3540 2546 3982 2304 3083 4640 3270
590 325 2724 3144 68 968 1614 2482 709 13 116 748 579
590 2309 415 31 524 3218 1584 266 3688 411
590 4252 1687 31 590 2309 4219 2765
590 2714 1715 643 536 3354 1800 3982 1593
590 185 1171 2029 968 3556 3859 3143 3450 3143 2052
590 3891 4350 2570 1411 1432 1312 4022
590 2335 2573 969 4677 3814 3143 934 31 575 279
590 2247 4677 3920 3982 3300 4473
1411 184 4649 4324 1548 2570 301 1285 3405 3982 2133 2467 1928
1411 3414 4541 4391 1818 4677 4597 3070 368
1411 4425 2309 3365 31 968 312 2309 3506 2019
1208 3417
1208 2309 279 3688 1529 3688 590 469 2570 2573
3816 3590 1942 968 2577 2061 1489 4622
1672 2482 4310 2309 3891 4170 1432 3982 4656 2309 277 554
1898 4066 1972 1133 2136
3905 4420 197 3982 1319
2796 2420 4385 1635 4152
4106 1931 346 2029 968 1002 3982 4383 2374 2881 996
3959 4677 1786 184 2387 968 3608 2623 4677 4392 4274 206
3959 1077 2623 590 2335 2573 3982 3959 1077 2623 590 108 590 2309
457 1547 3982 149 968 2135 2244 1973 3654 116 1258
457 1411 2676 1066 663 3897 2309 4393 31 2991 1843 2343
457 1322 1112 2381 2202 3143 1794 4400 4338 968 1020 3143 1580
457 24 1433 968 4096 968 2700 4512 2407 3722 968 2282
2533 390 2623 4677 3926 3084 955
748 1433 1367 4404 3982 2498 1433 4531
2137 2584 3982 1425 4198
2137 2461 2963 3982 3869
2360 572 575 279 148 3477 4482
1422 3982 3959 2623 2224 370
2049 457 968 2676 3982 1158 881 69
2714 4031 1512 1452 457 435 2982
600 3143 1155 4517 2387 2092 4286 1512 3982 202 457 435 2982
1697 1466 1931 3218 2038 4338 968 750 3275 3143 2243
1697 4570 191 2135 417 2012
3903 3982 2713 208 3982 4656 1208 238 1423
656 325 279 574 881 2700 1391 3477 3688 961 590 670 457 4161
390 4677 1663 2623 4677 2569 1736
390 3455 2623 3857 390 4407 2623 1775 390 2584 2623 2244
390 441 3695 2623 2986 1775
390 612 2570 2894 2968 707 3285 1481 2623 642 4093 3285 4263
390 3143 2381 3373 4646 2623 4677 2757 4048
390 4087 3083 1442 3084 2623 2029 3743 2381 2735 1209 2986 2057 1145
390 2506 2623 2880
390 3717 2623 3680
2135 3143 968 1852 148 4160 3688 2854 1253
2135 3143 968 3328 3281 452 4126 2570 585 3725 4503 2029 2134 3306
3477 457 3021 2945 2322 2570 211 325 260 2512 1411 2680 2346
1604 1037 1781 338 2309 2381 2529 2360 2387 3572 4599
1604 288 3982 390 2623 4677 2533 554
1604 1531 3982 3145
2134 2313 2309 2570 4551 968 300 3982 1985 607 968 4701
1091 3179 2092 3119 2668 3143 3329 1484 4040 1584 10 69 3596
1091 2309 3450 2267 3982 1124
3771 3450 968 1397 2968 917 2387 3429 2029 2135 4436 116 2268 3654
3771 1635 661 3083 2243 3654 2309 744
2546 212 4265 1591 4142 670 185 2163 229 3982 3917 2174
3891 2325 390 2623 2381 525 3864
1964 808 3143 1687 3165 2309 1830 2570 3066 3334 2482 4384 3668
1964 808 3143 1687 1071 2309 3740 2570 2051 968 2447 3143 968 3668
1964 2014 2104 968 695 437 3143 2755 879 906 259 1129
1964 300 4451 1286 2573 390 1492 3143 968 1372 4256 2575
3460 3143 4695 3748 2482 57 3262 917 2668 4338 2410
3218 3232 2029 968 300 984 3381 1411 2043 1719 2172
3502 4376 2052 2309 3667
3502 4376 881 2700 984
3502 3728 3982 590 3728 2570 1681 1852
3502 390 2623 4677 713 3036 2577 3344 607 2029 198 265
4672 3986 3982 3545 1988
69 2192 4699 2700 2165 3502 2826 3728
69 3143 968 2135 238 1918 3662 406 1835 105 2129 3124
69 3143 968 2135 1030 934 968 1230 325 2129 961
69 3143 968 3556 4436 3143 763
69 3143 968 3556 1503 3143 968 4028
69 3143 2941 4200 4436 68 4451 2894 667 3477 4307
2092 1666 4538 3338 764
2092 1225 3143 4677 2057 2700 1498
374 2309 2404 303
2231 4141 3461 575 279 42 607 2570 3034
1290 606 457 881 2309 4677 4296 3143 1451
1782 748 3982 4114 3622
2626 420 3688 3102
1050 457 4677 3643 3143 3232 2891 4122 3982 191 3461 4575 1882 607
1050 457 4677 146 2728 68 3003 3080 1433 261
1050 457 968 1945 767 2652 4731
2110 605 1133 2136 204 3688 4677 1120 300
1441 2629 3889 4451 279 2634 2070 2031 4099 1690 112 137 3094 4062
913 3502 3430 3982 1213 968 1359 1599 3502 3541 170
3184 968 1168 226
3506 3477 4410 31 325 4677 1077 3542 2947 4137
4337 2833 208 255 3143 3631
3994 2309 4084 2894 1964 1146 1294 2029 3863 2309 3785 1433
891 68 4575 4540 3174 116 10 2343
3136 3143 968 765 2309 521 748 2061 521 2533 3785 1433
985 325 4677 300 2482 2676 803 2440 1182 1896
985 325 1702 1433 1042 667 1391 4275 2878
1870 968 4086 2570 1946 968 552 300 325 2116
331 2309 3688 415 3688 2968 3527 3982 2740 2623 2968 3179 136
3949 553 4208 82 670 482 2087 1570 670 68 1644 1452 1274
4487 3982 277 2461
2128 3700 881
4605 2037 968 1108 590 1089 968 3229 2265 4605 1818 4677 555
3169 4177 4461 4103 325 279 972 3688 4468 3688 4177 342 4103
3923 4222 2309 1377 521 2158 2570 2697 1411 1432 4022
2791 457 1473 3785 1112 968 3437
3032 2828 968 729 3255
2687 3083 709 558 3959 2623 2687 3083 3556
3999 2482 1120 575 279 2836 3477 2029 3468 3143 3192 2947 3165
3757 2482 3218 2429 2381 3201 3218 3840 4677 2719
449 452 968 3177
147 1973 3143 3978 31 927 2940 2570 1248 3982 1844 2006
2901 2335 1361 1265 2570 1914 191 1482
3736 3574 527 3757 2482 3218 1077
3736 452 1835 3833 881 2700
77 2309 4640 4677 680 3982 2644 797
77 654 521 3477 1433 4677 981 1621 4420 4203 2387 1411 49 1687
1391 4275 2707 68 929 4387 736 2387 4677 3531 1424
1391 3272 3982 1978 68 590 2062 4160 3688 60 277 2623 2337
3207 1697 1797 2573 968 2092 69 2583 3083 191 49 4239
2374 280 1683 3143 1384 390 2623 590 575 1052 4314 2933
2374 3991 3165 31 927 4677 2700 2061 1964 3442 2387 3540
2374 893 4453 670 3982 2374 3422 2407 2674
4426 1195 2894 667 2930 2029 968 1676
732 2714 3959 3275 2623 968 219 3390 1161 1532 590 3934
3858 4649 4521 1255 1369 4206 968 1042 3218 166 31 2113
922 1219 920 2524 3982 1294 2309 2286 2570 2573 703 530
4180 4674 31 1516 1818 4677 4639 561 1133 2136
1328 4502 2309 2762 1964 650 904
875 590 1208 4356 275 457 4677 1191 714 1964 69 1519
1197 4677 4177 884 2482 300 4103 2029 968 3556 3275 3143 968 945
4448 4385 4677 4013 2534 3143 902 2006
4448 4385 4677 1681 4310 3982 4677 2360 609
4448 4385 4593 1852 3982 4677 3491 3275 3143 1411 49 3199 1019
4713 2482 4666 521 516 2570 2809 1433 1838 457 881
1409 4338 4217 521 3477 1903 3143 2088 4547 1728
4318 583 3034 1333 3296 1433 968 2192 1042
1143 2309 279 2207 415 31 968 3328 221 384 968 886
1911 3982 830 3133
2887 1392 652 1946 1718 276 2381 2231 2285
1849 2945 4338 4217 3143 778 2482 3768 2154
68 2309 3281 4488 3710 4338 3262 68 3704 968 3192 2029 4381
968 3597 3893 575 279 370 1962 275 2309 1964 1976 2387 590
968 4676 2323 2791 1023 2029 4159
968 21 2482 477 347 4727
968 3407 3007 500 3143 4677 2264 696 572
968 1518 835 4106 4677 350 1451
968 1518 835 4106 2381 3370 4138 1451
968 1161 159 272 1818 1829 3730
968 1238 1066 2309 279 1209 1830 2570 3015 218 861
968 1852 3461 2029 3984 892 1793 116 4611 50 4385 1299
968 3849 4075 1584 2962
968 4591 754
968 2900 1569 3143 2064 4103 1503 2129 3281
968 3328 2309 1505 968 1021 4701 3982 1517 390 1391
968 4625 645 4488 3502
968 4111 3682 3143 4256 3892 1902 1642 968 300 1942
968 306 2700 2309 2029 3338 3143 4677 2996 3488
968 1013 3123 724 968 449 2482 4022
968 300 2482 4347 1404 3192 3982 1244 957 1867 968 2700 1942
968 300 457 1378 2482 2075 4451 3220 4677 1603 1687 4489
968 300 343 272 669 3982 669 1818 572 4532
968 300 2309 3450 3070 968 3113 2826
968 300 2309 2936 4338 1411 154 3192 3982 809 3349 1852
968 300 2309 1197 4487
968 300 2309 927 4376 3688 3517 3688 4677 4680 2259
968 300 3891 2149 1411 2929 3982 623 1151 2528 521 748
968 1729 435 1079 790 1433 113 4379 2387 1347 1507 4103 2554
968 4489 116 3688 1446 3688 4304 273 483
968 2341 4417 2008 1964 4626 2947 4027 4542
968 2853 4084 116 3181 3654 116 1644 521 4678 2570 2573 3860
968 1693 3898 4666 390 3860 2623 968 3668 3083 4195
968 3034 3982 968 3295 3596 116 2533 390 2623 4487
968 1264 2309 3573 3419 3982 968 2976 736 4677 1591 60 4588
968 2406 1852 116 3053 3762 3688 1081 3688 968 4166 1863
968 2135 3492 1735 572 4459 968 1386 3204 1881 4030
968 2700 2482 910 4571 2309 69 3442 590 2482 1391 3068
968 2700 575 279 3069 4677 3814 3143 472
968 2700 2309 4376 3688 4017 3688 1040 3285 3878 1246 1901 3183 3845
968 2700 2309 4488 4460 303 2029 4653 2410 3982 2793 4111 278
968 2788 2029 65 3660 116 2855 3688 2747 1684 4104 4153 1910
968 2160 575 279 2816 590 2482 4677 572
968 2160 1090 3688 4677 264 3899 2748
968 3192 2482 3261 116 2126 2250
968 3192 2309 3662 572 2483 4385 3012 2570 4163
968 673 670 3982 774 3668 670 2283 968 2700
968 3994 3359 1830 2309 968 821
968 3994 2309 68 2387 968 2135 677 968 300 2309 508 1423
968 3994 2061 3450 3143 881 590 2482 3218 2826 1077
968 1235 1852 3982 1782 1719 3192 18 4278 607 3167 2482 1687 1071
968 197 3185 68 1987 2991 1095 968 1415 4338 4315
968 3831 2309 2381 4177 1161 300 4103 1515 2029 2117
968 331 1570 1452 2539 3982 3589
968 2524 2309 1208 521 426 2570 2573 4485 2057
968 2524 2309 1278 2161 968 3668 4244 3053
968 821 2062 4372 277 2178 3688 2249 1558
968 821 1334 4093 968 4209 3143 521 4058 3668 3185
968 4310 2482 2910 3982 3275 3143 4209 2309 4217 4217 4160
968 4310 2309 4677 481 4227 3143 4458 3982 3536 1483
968 4310 2309 4677 807 2061 1196 3774 3982 505 1852
968 4310 2309 521 740 3982 968 646 521 2320 2570 716
968 2954 116 1964 3959 4677 2267 2570 3064 2623 968 300 2482 1852
968 222 2309 2174 3982 968 3616 1906 1681
968 3668 461 4451 3664 2968 2570 4712 4677 2872 2029 3285 1481
968 3668 325 2533 1561 3982 1964 3314
968 3668 2309 1489 3982 1411 1852 4416
968 3668 3596 2309 2002 3840 2875
968 835 4252 457 4677 4560 1961
968 2676 461 2335 3355 619 3235 2866 989
968 1531 380 500 3143 1547
968 1395 835 4376 1802 2309 68 590 575 279 2049 619 3275
968 4314 4376 2962 2309 68 590 2482 4677 2013 258 843
968 3967 3532 835 2309 2065
968 3967 835 1050 457 4677 3579 1520 364
968 3556 300 3143 968 4028
275 2482 2381 3606 3654 31 2968 2894 2570 2007 590 324 1997
275 2482 3218 4677 738 3542 2029 881 3662 572
275 2482 3218 4677 4637 1146 3083 968 3374 3143 881 2577
275 2309 390 2623 69 4239 4376 1804 968 3884 4263 1942
275 2309 279 69 3542 2029 968 300 68 3314 2947 3038
275 2309 3502 1077 2029 881 887 527 3244 527 2066 527 4206 2700
275 2309 3502 4709 4376 881 2700
275 2309 2092 1391 3477 3718 1691 1835 3338 2570 2801
275 2309 1644 3218 1830 3143 861 2409 2570 2732 1411 4616 1434 4463
4552 116 2320 2350 3143 130 4395
4552 1852 2724 2203
1885 4423 3785 1112 968 3437 31 968 1033 2309 3544
1885 3686 968 1290 2036
881 1634 3730 2247 2576 2490 3982 3477 4307 2029 293 2788
881 1120 2309 4376 3688 1101 3688 4677 2872 2029 968 1481
881 1614 325 3218 3027 4677 1372 1687 300
881 2309 4677 1786 3668 590 1208 2309 279 4677 467 1775 69
881 2309 4677 1287 2700 4677 4098 4003 2570 4436 457 2052
881 2309 2381 4309 3218 2029 974 31 2029 3793 3535
881 2309 279 4677 2700 590 2482 4677 3673
881 2309 3218 4677 1447 3731 2700
881 2309 69 471 2700
881 2309 4539 382 1092 3083 1482 3982 4561 2482 186
881 2309 2527 1484 4625 4025 357 2348 3982 4347 1423
881 2443 300 2309 154 3083 1635 3539
881 4688 2160 2309 1391 608 4063 68 968 1359 1839 2309 4677 3824
881 2700 2309 4376 968 3556 835 3731 325 1428 2029 968 4525 1093
881 2700 1050 457 2381 4465 3328 4309 2029 1731 2361
881 69 63 2387 968 3884 3982 2486 4677 3302 4322
881 1337 3192 202 4170 1974 2829 3070 968 3771 1538 1434 4463
881 3668 3143 304 2635 575 279 2732 861 2955 968 2139 3618
881 653 4198 1126 2448 968 4702
881 3056 923 3143 4677 2700 4634 2167 1219 3764 572 3982 4443 2572
881 835 2309 1999 3842
881 1932 575 279 2894 4677 1748
2941 2342 2061 1581 3553 1697 2634 968 2531 3742 3003 4563
2570 4115 2118 2165 4084 3823 1541 1503 2980
2570 3924 881 300 4677 3683 3143 143 4387 2092 2573 2570 3363 590
521 415 1468 4451 279 2049 4677 4620 2846 2570 2270 934 607
521 415 3460 3143 590 2309 1077
521 2463 2029 226 1973 2570 2049 4677 2192 3072
521 194 3199 3982 2739 2061 1411 49 3202
521 3477 4272 3218 1830 2586
521 2009 3982 3004 2570 523 478 2870
3288 1697 2573 2975 968 1622 1677 4540 521 4656
4137 4 3441 1354 4271 4338 3450 521 1432 3855
4137 2982 3143 311 2398 863 3301 3982 4665 4550 2865 3143 2788 1772
2991 69 562 4534 2350 1942 2570 1411 2676
2991 2546 2485 4265 968 1335 116 1499 4027 2947 2493
3209 3325 2729 4309 2029 1152 3982 1487 204 3688 4677 4003
3058 3860 31 590 2482 1208 521 521 3477
2964 2126 3954 2570 3250 2782
467 2963 3982 60
697 3839 3982 1117 2244
3358 3857 3345 300 1946 4448 4385 4677 3068 821
3358 4493 31 441 4109
3839 2309 521 4363 4677 2676
3636 3862 2061 2440 111 725 590 1089 968 2292
4084 3854 279 1715 457 3936 1852
4084 1901 968 572 4084 2764 2387
3698 1942 2061 484 1326 2006 3982 1681 3165
1797 590 2482 3218 3688 596 3688 968 3536
1294 4677 647 68 968 3034 2309 1391 2746
1294 4677 4116 4198 3982 3779 1179 881 2309
1294 2274 2396 4172 3152 1942 3070 4214 1512
1294 3728 3470 4426 4244 2269 2029 968 4473 3982 648 811
1294 2335 2894 667 4677 58 4452 3445 1897 4677 1963 2513 317
2165 968 300 3044 2309 2029 1411 2929
1584 619 4709 1226 1153
263 3982 244 3869
650 1294 3446
367 4385 1411 4050 947 2570 968 785 3143 1411 1729 2109
990 819 1314 1969 2482 4108 2614 3982 4238 2570 1244 566
2429 1826 792 4260 68 2304 2570 2049 4651 3220 3143 191 2558 2659
2429 1826 23 2305 2750
3291 590 2482 968 1916 3143 218 2350 4021 4117 4215
2968 1585 1187 2387 3285 4466 730
2968 2402 279 1233 2198 4387 2826 3369 881 4601
2968 3179 1390 580 2153 1779 1201 3070
2968 3179 960 4488 1722 68 1602 2570 589 2309 279 3785 2570 2397
2272 1069 2894 667 110 3982 390 3928 2031 590 4575 3959 2182 1621
4177 947 607 4103 968 2843 390 325 4572 3615 590 1942
4177 1446 4478 4103 1388 2570 3664 1411 1045 956 968 826
3749 1649 191 1714 3982 4032 2482 2710 2335 4467 3911
2309 4677 1179
2309 2381 3925 3982 3384 4441 2824 2387 68 1866 4216
4589 2061 2257 29 3982 718 3328
968 300 3891 4350 2476 4677 907 4137 4536 2577
4677 1179
4677 323
527 117 1161 1455 2061 3046 4202 3982 1904 466 3891 2062 324
670 2309 4677 1484 68 2335 2573 3760 4338 4596
670 2247 4677 4555 68 2338 748 4459 728
479 575 279 2894 4677 4308 2387 968 3034
3099 968 2700 2309 4677 807
968 2700 202 3033 324 4385 3018 1793 3982 1852 4385 4043 1503
1040 590 2247 4402
4677 2120 1965
4677 554 1179
775 881 1146 2309 2456 3972 4419 968 1703 116 3579
236
4196 1423
2343 2376 4519
1782 1037
3804 1471 807
2826 2132 3834
1228 288
2461 2238
2922 3982 4384
968 1622 3579 1945 3515 4602 2387 968 4723 2076 4566
881 3668 4172 1342 3218 3638 3688 590 4244 3945
1801 2197
4677 744 282 4385 3813 69
4677 4411 3143 3901 575 279 1208 752 670 590 3376 1818 3655 1692
4677 2456 4065 2449 2289 4419
4677 4730 1219 1163 1474 3982 4378 726
4677 1041
4677 3920 572 68 4244 2387 750 3982 3385 2243 1644 2570 3854 1391
4677 4639 2700
4677 1833 300
4677 954 1864
4677 2197 572
4677 408 4048
4677 1444 4507 722
4677 2700 68 2482 1469 4085 4338 309
4677 3741 1183
4677 1125 3146
4677 3913 2417
4677 4253 1498
4677 1872 1373
4677 3930 532
4677 1523 386
4677 4698 386
1783 1592 753
2607 3218
1402 596
3283 3982 2887
3397 2491 3982 4677 2111 2871
3992 968 1726 3143 2839 24
2762 1826 1755 2700 4376 1622
2762 2187 275 2309 3218 1715 3189 968 861
4488 3688 3096 3688 2456 422 1331 2246 4419
4488 3465 3090
3359 2197
2381 2885 1590 68 2309
2381 260 1974 3668 2783 1942 2570 2616 3557 610 2381 2331 4729
2381 3370 1373
2381 3318 300
2381 1592 252
3982 4277 2309 279 968 2924 2570 3066 590
3982 1835 2477 3477 390 4385 4677 2507 3688 3918 3688 3749 3692 2691
3982 4677 467 1848 2656
3982 2387 3450 968 1274 986 2536
3982 2029 4677 3275 68 2482 4677 3685
3982 590 2482 4677 4648 69 3083 68
3982 590 2482 3218 68 1077 670 1946 2309 1208 1034 2308
3982 2546 3854 1248 1964 4296 2840 4177 4223 4103 1885 116
3982 3205 1294 2482 2061 3450 968 4421
3982 68 2309 2165 1633 3823 3796
3899 554
1826 2798 1826 696 473 572 670 2478
619 2569 4618 4649 3854 2387 4677 3704
2198 727 3124 881 4206
2669 2298 934 607
4658 1332 300
3688 4677 2700 590 3891 2791 4637 3982 3310
3688 4677 706 590 2482 4677 4033 755
3688 574 4338 1574 3769 3143 1317 2045 4077 3905 1727 2183
3688 2387 3249 1885 4592 279 2056 968 2700 3083 3450
3688 590 2309 590 2482 521 748 3982 1278
3083 709 881 2309 4677 300 2387 968 3563 3598
223 3083 709 1835 4056 1014
415 3856
415 2700
718 3982 154
3280
3259
4206 748 2968 4423 126 2387 968 1192 2570 4242
4716 968 3219 4131 2309 256 3982 1344
3540 3263 1332 3982 2312 2570 3987 116 4440 1830
2998 968 3199 870
2192 1832
2742 3982 4054
4678 31 3501
4500 14 2309 3688 154 3688 968 3307
2390
2407 3982 3903
4640 4023 4307
114 742 4457
31 2387 68 1831 3218 1184 4677 3888
31 457 3632 590 2482 4677 2700 68 4172 4093 3285 2468
31 1964 4084 1901 1826 1162 3982 102 1826
31 1835 2338 4677 3814 3143 3327 2061 881 2700
31 1596 575 279 3091 68 69 1453
31 2573 456 2968 521 1697 1452 4463 325 4013 2570 4449 875
31 3654 2482 4677 2700 4376 590 1806
31 191 1878 2001 3018 1147 2004 2309 2187 1945
31 590 2482 1843 17 2570 4677 1678 2011
31 590 2482 614 2570 136 4677 390 722 425 2029 968 3955
31 590 2482 4440 4677 1101 3055
31 590 575 279 1949 2968 2061 3477
31 590 2247 279
31 590 4387 2573 4307 2570 2781 2387 968 1121
31 1411 2006 4429 3982 3430 2865 116 4640 3565
31 1964
31 3218 4677 1841 390
31 3032 3000 590 575 279 370
31 968 3591 2309 2619 968 2160 4578 1915
31 968 4282 1789 2029 968 300 116 1637 3982 2992 2570 627
31 968 300 3596 2309 927 3840 3233
31 968 3205 3189 3143 968 2700 2826 4244 43
31 102 210 1835 1039 1856 2135 3435
31 275 2482 1840 2570 1466 2419
31 1885 3854 279 2451 1797 324 3982 2546 2309 1797 4156
31 1885 2534 3936 3570 2482 472 3982 4308 2387 3116
31 881 4463 968 1945 935 1751 3409 2387 2655 2309 279 4307
31 4413 2061 655 3427 4649 822 607 3688 4349 3688 430 2265 2384
31 1294 2309 698 4385 590 3450 2309 4677 3817
31 2968 1131 3891 2168 68 4385 968 996
4338 68 2431 590 2309 4677 3146
1829 2030
3264
57 1257
791 3495
791 2480 3181 4677 2281 3070
674 1962 590 2666 1712 4677 2458 1204 1190
2328 4521
2658
2972 3338 3218 764 4103
4119 4385 1809 2874 68 1251 805 2564 2092 2920 3972 868
4650 1127 3688 3624 2327
3684 425 4338 2456 843 3265 4419 3195 2309 719 3982 2193
4173 31 1423
3595 1818 4567
2958 3982 1448 1865 333 3982 940
1005 1974 3982 2470 892
3722 3198 968 1641 4102 590 2482 4677 1297 2600 1016
3215 4084 2826 3338 4677 706 3143 2456 2749 4419
598 132 2482 4562 3083 4677 721 4366 3982 4455 3391 4677 2105
73 1207
4100
3854 279 3225 2968 4575 279 456
3854 4084 2826 3338 968 3482 3091 3255
575 279 3854 390 2623 3386 4677 4318 449 2570 2700 3237
2986 3068
1347 1162 1722 2940 2570 735 3982 864 2570 113
978
3690 1440 3679
3847 2271 191 1283 3688 3540 1387 3739 2705 2623 3546
2574 3905 590
1830 2309 3218 4677 415 2700 1208 4098
1830 3498 1094 300 118
2244 31 457 4421 4533 2029 4677 2879
1715 2787 4023 4307
1715 968 474 3982 1031 2988 427 3179 3218 2590
1635 4239 2309 3469 3083 1688 670 60 2309 279 590
3232 2309 4160
885
557 957 3982 4427 61 4316
395 415
4635 1650
4666 989
3190 572
1452 2811 2570 2118 1901 3600 1926 2155 2482 3218 2409
3799 3982 313
1681 258 572
2148 3982 3071
3783 2960 1534 2309 68 2700
3886 590 2482 3506 2963
296 2309 279 68 3477 289 4385 4058 4677 4131 338
722 4048 1610
2118 730 2570 660
1963 3982 2887
570 3225 351 934 3982 2366 4677 3814 3143 1600
2155 4172 191 964 2570 3744 590 4419
2155 1697 2894 563 968 941 2498 858 2911 2482 1771
3654 968 2635 1151 3450 4242 2029 1473 166
4131 2172 2309 968 2135 17 650 904 2700 2129
2132
2840 4376 1046 2668 4338 1265 4426 3972
2840 3179 2440 4677 1002 2700 523 2570 3439 4171 3982 2364
2840 3854 2968 2049 4677 2700 2061 1319 4376 4677 851 1620 418 619
1835 1739 590 1835 1039 2570 457 590
1835 3215 279 2634 3477 2588 2029 968 1859
1835 3854 279 3527 1391
1835 2894 2570 1739 1835 3777 346 3143 3122
1835 2894 2570 1739 68 1835 2766 352 4338 70 1106
1835 3267 2570 3527 3143 590 3688 2456 3035 4717 2061 4677 609 4419
1835 875 4126 2134 4466 730
2382 3982 1593
2031 1835 4126 4677 1872 2700 1835 1585 3369 968 2179 2661
2031 1835 4126 613 1835 1585 3369 968 4701
2031 2129 2440 4677 3497 4022 2247 4073 2029 312 881 2309 590
2031 2092 590 2338 968 3668 2570 1015
2031 3458 4436 116 279 3285 4397 86 989
2031 275 2074 279 3460 2968 2894 4677 3994
2031 2968 116 2898 2570 3854 881 102 2968 1391 1986
2031 2968 3854 279 1797 4551 2570 1826 2841
2031 2968 2118 585 3285 2821 475
1769 968 3284 3982 1769 968 300
4269 3848 3330
2029 4677 1493 300 4719 4172 3083 2135 1544 1512 3143 1042 4463
2029 4677 2332 1964
2029 2973 590 575 279 1715 3354 457 3757 1763
2029 4043 1078 590 2482 842 2623 415
2029 4043 1078 590 2482 1208 1826 2076 1589 320
2029 68 2436 3936 4174 2309 1644 521 2443 3982 1673 2308
2029 968 1274 45 865 2695 2482 590 2482 1644 231
2029 881 1421 2842
2883 3266
2023 1796 3981
1897 590 1585 2092 2007 2968 2570 660
2330 2519
2309 2456 1159 4419 2596 968 1571 3143 4662
2309 590 4677 572
590 2482 593 4370 3370
590 2482 4677 2700 68 1636 2061 169 2387 3788 4103 346 2137
590 2482 4677 1727 3028 317 3982 1835 1195 2894 4147
590 2482 1826 4029 3143 4394 1738 4103 4118
590 2482 667 1544 13 4459 899 2631
590 2482 3384
590 2482 614 2570 136 3165 68 4451 2573 619 3363
590 2482 1208 4677 2700 68 3728 2570 2894 1447 3731 2029 590
590 2482 1208 185 467 415
590 2482 1208 68 590 2482 1391 3077
590 2482 3218 4677 4381 2160 590 2482 2381 244 1805 2160
590 2482 3218 2381 426 69 2570 2841
590 2482 1770 6 457 881 68 4718 392 1532 457 881 4716 4001
590 2482 875 2774 1142 3982 590 2482 3218 2533 2372
590 2482 875 4306
590 2482 2751 527 697 460 3982 1240
590 2482 68 4402
590 2482 4145
590 3450 2062 1942 2570 3989 2968 3179 2683 2725 4245
590 3215 279 2118 3076 2570 1121
590 4172 1945 159
590 325 1964 823 1433 968 1586 31 590 4069 452 1942
590 2309 4677 3600 300 3218 4677 2367 2947 1715 4677 1417
590 2309 279 3840 69 3143 968 3556 1503 3143 968 4028
590 2309 279 3695
590 2309 521 415 68 881 1007 2700 2309 279 390 1456
590 1208 575 279 2894 2880 2826 3860 2570 3225
590 1208 575 279 2894 3477 727 4170 2029 4677 3817 3275
590 1028 3688 2006
590 1697 3688 1797 2573 906 2456 2042 2302 968 2700 4419
590 1697 1715 949 1818 968 3980 3143 4436 2968 2635 2570 1039
590 1697 3218 2573 2456 1729 1284 2029 1154 4419 31
590 3891 2309 3218 2437
590 3891 1050 3688 4420 1715 3470 4420 934 3155 2570 2788
590 3566
590 4007 1411 2688 1433 968 3147 3143 1411 4279 2399 1705
1411 4000 4615 2061 2782
1208 4376 2419 1408 3654 2791 2570 2573 2151
1208 238 415
1208 238 2461
1208 1139 590 2570 3433
3052 4463 68 2482 3450 68 2482 3785 1433 3654
3905 1319
2317 3582 2791 2514 521 1822 2570 2573 906 619 4181 3143 3130
2678 3580 3370
3089 4703 3333
1352 3464 3982 3939
3959 2623 4637
488 2482 4146 3218
457 3540 3740 2570 4322 1433 4677 1123 1945 3470 2968 4423 3070 1979
457 3540 174 2570 4677 3745 3322 25 3982 3218 4342 2198
1904 2482 4677 1423 3748 68 2482 3450
2049 3731 2482 1161 1570 2407
2111 3592 4677 2240 3561 238 1945 3230 917 3285 1985
3903 3982 2120
3659 875 575 279 3840 2816 2840 2570 2393 4677 3813
3438 2244
430 4089 2482 3151 1708 3993 2309 1911 2598 2029 968 3556 4217
2058 575 279 3220 649 92 2570 1528 968 257 3143 1356
4464 590 875 2791 3732
1964 1835 1039 590
1964 1715 68 2482 521 3780
1964 4489
1964 3314
1964 230
1964
4265 2309 590 4677 3662 572
3218 3688 1687 3688 968 1072 31 1294 2309
3218 415 31 3218 3450 68 1687
3218 1715 1815 4387 2816 1294 2570 2049 3143 881 4497 1767
3218 1208 4593
3502 31 2381 3841 3143 3628
3502 521 3988 2947 3234
3502 1274 2061 996 3654 31 968 87 1852 3415 452
2847 3218 2826
2847 3657
4672
1128 3982 1529
3143 3450 968 2805 2482 881 2309 968 2135 3358 3737
4687 590 2309 1607 3688 3490 31 3189 3688 1077
1433 1411 49 590 2482 3218 467 3860
69 4648 2700
3670 3888 665 288 4258 2570 4677 467 1209 3213
2136 1433 300 2309 3891 379
2947 727 4677 3131 1198
3347 4295
3347 881 4451 2573 4677 4018 2346 300
3070 3982 3070 210
190 1037 3873
1629 4480
4064 1835 1131 277 1184 2052 1433 968 3536 321
559 3982 175
249 2309 2029 968 4242 2381 2530 3860 3146
4498 1037
4498 2401 156
51 590 2482 4677 1990 3596 4338 4330 2628 1457 3982 3961 1418 989
675 2577
277 647 2198 1620 2079 881 2538
1365 3143 285 325 968 4070 3143 1843 2824 199
2273 730 3470 3520 2002 3206
2569 2482 2248 4345 106
2121 2482 2826 1274 2061 881 2481
3868
2528 2387 3285 2350
1289 1802 2031 2968 2894 3502 4307 2570 3854 2061 950 1512
4580
2335 2894 3544 3076 2570 1121
4396 31 3869
3092 3688 2155 2309 430 2901 2309 4336 4338 191 673
3060 4543 1341
1391 2227 3143 104 2947 2145 68 590 3179 3218 1715 2573 1063 3895
1391 3654 590 2309 590 2482 4376 4677 3792 3143 4138 3649
2374 1503 2860 324 3688 1885 2724 2823 514
3422 3417 338
2922 916 4203
3012 487 3285 3029 4206 1998 68 3269 749
86 989
4476 628 2402 279 1715 3854 68 3477
1656 2309 4677 415 2185 1593 3982 2484 2533 2333
2006 202 1822
2660 4177 1027 4103
1197 2934 3143 968 2142
2963 464 2170 463 3720 3982 2193
818 2570 3225 1411 2741 3978 2309 790 558 290
203 2092
712 2570 1064
4306
68 2482 1962 3282 3502 3728
68 2482 1411 2139 1590 3143 1658
68 3380 966 1559 3800 325 2190 607 2061 390 3191 382
968 3853 4331 2473 2381 1170 1687 1146
968 600 3143 1155 2309 3370
968 1475 2482 2894 4058 1699 3982 69 2309 527 968 3008 116 4307
968 4417 1394 614 31 148 4160 521 2193 3982 39
968 1877 3994 2061 1927 1490 2309 4481 167
968 4197 3030
968 1852 3891 4230
968 306 300 2309 69 2192 1250 2570 2843 69 3009 1162 3110 1826
968 2973 68 590 2309 279 467 1687 2309 4488 2189 968 4365
968 300 2482 2135 2535 2943
968 2139 8 3902 2247 3529 1830
968 757 3994 3540 68 590 2482 2092 4677 845
968 2700 2482 2015 2309 2570 866 3192 2387 1357
968 2700 2309 4677 282
968 2700 2309 4376 3688 3988 3688 68 1488
968 2700 2309 1999 1584 1630 670 1056 2947 4568
968 2700 2309 1584 3538
968 3708 4231 590 3450
968 2092 2262 677 3143 968 2700 2309 4135 968 4672 2892
968 996 116 1391 2059 968 2036 2062 4160 3688 678
968 4425 3596 2309 1208 3479 3579
968 3994 2309 968 567 1441 1730 3143 1411 3120 3208 3982 300 3543
968 1872 1605 881 2700 513 2309 3218 4177 1620 4103
968 20 3143 968 300 2309 3675
968 4310
968 3668 2482 596 3982 968 3515 116 145
3936 594 2309 2546 4420 4265 192 670 590 2482 1208 4677 1529 1280
102 210 2029 4677 4307 2700 2968 1069 3218 2894 1879
275 2482 4677 3442 968 1230 3215 279 2836 2381 41 3484
275 2482 260 667 521 4058 3143 4552 4436
275 2482 1964 1810 881 3688 69 3143 968 3556 4436 3143 968 4713
275 2482 1964 472
1885 1208 3854 279 370 2029 1736
1974 80 366
881 4689 282 4451 627 2387 2926 4494 2482 3149
881 3972 4325 1220 2700 2309 279 2826 4376 2880
881 300 1877 3994
881 400 2700 2309 563 2570 2049 2968 3527 4376 2786 1588
881 2309 1208 1352 769
881 2309 390 4677 1421 3143 4177 2903 3108 4103
881 2309 279 4677 3972 1146
881 2309 1964 2456 1968 4419
881 2309 69 3143 968 1877 3798 3143 968 4028
881 2102 366 3143 2556 2309 3375 415 3982 2607 155
881 596 1610 2309 3280 2381 562 748
4347 3370
2941 610 4677 540 2727 3143 2315 2482 24 4387 3854 4307 4302
4496 1419 1043 358 3982 4677 3814 3143 467 415 3273 3478
4360 1942
521 415
521 4498 2029 2973
2957 1103 2674 1391 4706 968 2092 835 698 2309 968 2456 4254 4419
1676 4177 4084 3854 279 3338 2570 1394 467 614 4103
1591 4306
1270 624
927 3894 4412 4640 2029 4422 3554 3982 4578 1503
3153 1964
3153 2309 279 68 968 2222 2387 968 306 3192
2991 590 2482 1843 3218 467 1687
2991 68 2482 3555 1294 846 495 2482 3792 1397 575
2991 4084 1131 3267 4677 1698 758
597 4311 772 2482 3114 2703 2309 3621 3143 3536 2559
824 3143 2935 3280 2274 2570 541 968 3192 3982 1411 2356
4681 3750
3209 203 1697 1901 2454
2644 4328 3627 2775
2781 2570 1289 590 102
1808 1710 116 1433 968 3151
2247 1835 3222
1040 881 300 1294 4084 1452 2309 279 4469 4653 2947 4541
4084 3854 279 1901 1943 1830 2570 1255 1112 4591 457 881
4084 1208 3854 279 2826 2194 521 3477 4376 881 2635 3668
92 202 4677 3431 2196
1529
1797 2029 2374 3143 2941 968 4061 759 1715 95
1797 881 2700 4447 2968 1274 1433 4640 3635
756 31 458
2232 31 3779
4320 4466 730 2002
1294 2482 614 2570 3581 2309 1831 1477 2995 590 607
1294 2482 2740 2309 68 493 2848 590
1294 2381 3784
1294 1885 1289 2029 1347 4043 1843 2309 615 2570 1281
3470 968 776 4575 2002 4093 1907
3470 968 2083 1513 4575 2002 1046
2165 2482 968 2700 3654
2165 3936 3040 4575 2309 2198 2482 2168
3989 70 1106 2309 881 415 1433 2017 2309 3891 2704
3989 2968 457 590 2947 3218 2309 694 4677 4296 3143 1451
1620 4224 2309 3782 4125 3654
1620 811
1831
1831 3215 1885 3148 590 1101 2570 3228 3450 881 4111 1811
2186 3509 4387 2894 3846 4408 3218 2570 1289 590 3982 790 590 1083 275
4711
1951 554
650 904 1460 2570 1097 1503 457 4131 2172
4211 4677 3251 1576
2084 1835 2894 3181 881 2700 4677 3651 3143 2842
2429 1831 590 2304 2309 4677 4261 1140 2029 4677 2417 4223 2381 2574
2968 1585 1452 457 2968 1564 4677 3752 1584 968 4720 2100 4103
2968 1585 2634 1997 1396 68 2968 3982 1885 4575 2029 1826 2700
2968 267 2570 748 2387 968 4242 2636 3688 968 631 575 2387 1560
2968 3179 1451 590 31 275 2482 1964 2494
2968 2894 1964 1709 2387 2135 3143 968 1852
2968 2816 68 67 2080 2968 1131 2604 1433 4677 2647
2968 1289 3021 2945 3982 786 2119 3982 2968 3527 1065
2968 1289 968 2700 3982 2968 3527 3558
4177 590 4252 1687 3767 31 2968 252 968 4365 4103
4177 968 85 3143 968 895 4103 3095 3202
4177 3585 4103 2544 1433 3596 3982 3016 2570 1232 3730
2456 4426 4594 2570 2894 667 2930 2029 968 1676 881 4463
2456 1857 4419 4649 1949 2968 2876 2570 1857 968 2832
2456 1754 1661 4419 590 2482 3218
2456 28 451 4419 2247 4513 3982 68 2700 2247 3506 415
2456 968 2411 3143 2543 3968 4419 2309 4677 2192 4463 2923
2456 1294 2826 3446 4419
3688 2029 2435 1787 3982 1508
31 277 4177 2840 3179 2968 2176 4466 2387 881 4103
2029 80 3826 3982 2061 4677 3616 609
1818 2840 748 2309 881 2700
796 3982 2792 4391 1818 4677 2135 1509 3360 4181 3143 3951
4203 68 4649 938 2135 848 2091 102 4426 4306 3728
2275 3982 1615
293 2728 68 2309 2398 1433 3458 533 31 3803 1433 4420 4375
4677 2398 83 1433 74 2915 2309 1049 2570 3985 1818 968 3719
2297 2031 1782 1753 3888
590 2482 4677 655 1210 3143 4076 3982 467 2533 2624
927 590 1957 968 986 4084 3338 1354 1391 3477
1040 1827 2482 300 2309 3211 1830 4677 2394 3982 4677 2055
31 590 187 4677 1571 2387 1411 1313 1130 1340
2812 1620 727 3303 4677 1555
2309 2140 370 2826 3688 2993 3688 4177 1573 4103 1391 3646 2714 590
3891 3524 3989 2968 3369 968 4601 4376 2552 3540 4677 2549 4322 851
2968 1069 3218 3369 968 3958
4677 4264 2515 2061 3301 68 3354 390 457 4100 3348
4677 3236 3982 4100 2533 2700
2522 3982 3277 3888
31 881 4463 275 2482 2374 3665 1433 968 3810
3854 279 2477 619 3314 2029 881 3643 3143 2098 1248
3991 3165 31 275 2309 1964 3275 3143 3935 968 3111 1208 3111
1098 4649 506 1215 3982 2968 1585 4126 2570 3736 2052
3574 300 2309 3656 2290 3982 1030
590 2482 4635 3383 2029 1411 4016
590 2482 4264
590 2482 2546 3688 3662 4265 3688 428 3688 590 2335 2573
590 2545 3874 636 2570 1901 881
1208 1826 3694 3668 68 3280 1236 4283
457 4677 2712 3734 3113
69 3143 3462 2482 1688 489 984
875 1835 1436 590 4451 2894 667 390
875 590 4172 968 4457 1428 670 4677 2386 507 1193
968 2700 2309 279 228 426 2570 841 3083
275 325 667 3477 3812 3759 802 4376 1294 968 2166 806
881 2309 3506 4176 3034
1050 2029 1978 3828 3688 4474 4059 1122
787 2482 1133 877 4491 4383 191 1687 1071
633 4232 2963
3121 2309 3056 1265 2570 1540 4677 285 2061 4081 4106
2381 1918 2225 4515 2454 366 3143 370
2234 1512 3143 2887 3343 1527 689 4338 3128 1512 3143 3326 3700
325 1999 1964 4310 3083 3450
3905 968 197 3982 381 4148 2570 2049 881 3955 4659
968 3321 3143 968 1900 4155 1425 4677 2230 309
521 1423 2570 2056
521 484 521 2407 3982 3003 60
4677 4318 3841 3326 579 1411 30 3237
4677 2439 31 2348 3345 519
4677 3616 3634 4600 2623 3285 2952 4505 1167 3872
4677 3431 3143 2381 4681 1179
4677 2407 4714 3907 3143 3005 813 3982 4035 1245 4103 3791
4677 3157 4309 2029 4574
4677 2584 1665 68 2482 521 3455 3525 4677 3814 3143 4431 3960
4677 791 3671 3115 3143 912 3637
4677 129 3143 3207 2482 49 3556 4631 2029 4093 1777 1512
4677 1505 3982 1776 2700 556 2061 1635 4111 1000 3983 2570 851
4677 3545 3982 1423 3888 1597 1618 3187
4677 3417 2914 2700
4677 410 3143 3609 2690 1812 1460 1727 2794 3982 2562 2924 1973
4677 1353 2474 3143 2250 2243 3982 2970 2511
4677 655 1146 3445 4677 1757 2700
4677 2533 521 1844 2387 1411 49 1687
4677 748 2733 2387 2198 31 968 2135 3780 3078 4113
4677 3970 154 4203
4677 4648 2700 68 2482 3218 185 3842 31 1843 480
4677 4041 4692 4360 1942
4677 3943 3982 1149 3037 4048 652 390 4008 2623 2633
4677 1684 3579 345 3143 623 4043 3217 2776
4677 1629 4006 300 3753 2387 2893 1075 2927 4079
4677 154 3982 3550 2533 1229
4677 1872 688
4677 4388 3982 1615 314 2570 584 2877
4677 2461 2562 300 4376 4677 2461 2562 509
4677 4138 2225 652
4677 2527 601 2559 2577 3210 2570 968 4492 4398
4677 1668 1212 2577
4677 1531 1059 4347 1030 1498
4677 1199 2533 3084 955 19 3982 1423
4677 467 223 4537 3567 300
4677 1797 3630 3982 1797 788 1864
4677 2961 2031 154 2599 1241 4617 4338 4677 438 3109
4376 3688 773 3688 1246 2569 968 2700
4376 3688 2057 3982 154 3688 968 4025 3083 3285 4120 3772 1112
2774 1142 2309 2570 973 3687 1294 4677 2844 2309 2570 4677 432
2296 524 31 3218 3477 2262 2570 1184
3110 2815 162 989 1835 1452 4506 2387 1107
3450 1835 3179 3225 2309 2967
3450 1636 1797 3031 3143 31 968 2299 192 1973 3891 1256
3450 881 1089 346 2570 2573 2546 1077 4265 2022 527 2092 1423
2381 195 3430 1584 968 3039 3143 1411 3278
2381 39 3982 4128 2700
2381 2106 389 2387 3556 2700 3143 968 4028
2381 2981 1338 31 1684 4487 425
2381 3158 688 3074 3143 415 957 4613 1248 3982 1829 1161 1570
2381 3316 129 3143 1237 2822
2381 2671 2277 3684 68 1683 390 3143 1687 1071 2623 2507
2381 1341 300 3420 2061 521 4058 3327 2570 2573 2739 3032
3982 93 4376 619 661 3083 4677 3192
1826 2828 2000 2387 968 3775 1458 1991
2198 1620 3179 1450 2570 2499 968 300 2482 3135 3601
1953 968 4028 2482 2492 3982 2135 3239 2700
3688 2381 2924 968 2569 2309 3211 3931
679 2387 968 1923 31 2092 2826 2037 4677 3031 3143 3663 2252
3083 968 2983 734 3143 968 3719 4103 545
1478 3337 3596 2387 968 3689 3345 1193 4361
415 2955 1608 3982 3663 2955 834
3280 4244 2955 192 3768 4483
1573 2309 4677 2371 2700 3982 4677 415 4239 3083 68
2536 1872 2700 4164 116 279 881 4392
4307 3083 1804 2968 2570 660 2623 4677 4550 3559
2192 4583 3838 2309 1208 916 124 2824 2570 2505 1818 968 3168 704
2192 1210
4640 3370 3982 413
828 2482 4255 2534 3143 2802 3982 431 159 903 968 300
1852 2236 1818 4498 2756 1793 1715 3248 1885 2335 2816 4307
1248 116 3688 274 3688 968 1252 4358
2870 1582 116 2360 3982 1066 2016 4677 3172
2870 272 1818 4677 26 3143 1488
3067 31 927 602 4048
4083 521 3477 3143 2135 1931
339 2482 3151 4491 1924 968 4653
4434 1323 2482 1251 116 1409 4338 3450 968 453
3749 4728 1679 2482 3684 2309 3891 3688 3277 3688 590 2335 2894 667
860 1043 2029 1411 4491 2570 968 3034
101 3663 997 3256
3854 279 488 3285 455 2323 2118 881 4666
3854 279 4507 3285 4466
575 279 808 2570 3477 3143 2880
1642 3945 2029 4677 2637 3982 353 4262 527 579 1376
4639 172 60 4177 2374 280 4103 4649 184 2570 1964 69
2618 881 69 4160 3285 1417 971
47 2635 31 2997 2674
1830 131 2381 1293 1363 1314 590 2570 2381 4488 192 3784
1715 3688 2197 2572 1532 2118 881 2309 2197
1715 270 2012 3143 3489 427 4649 2634 881 69 4677 2394
1715 2031 1559 3800 2309 2826 1024 3574 2700 2309 2826 415
2304 2570 2141 3688 3477 2570 968 4240
2625 2024 31 3357 1822
202 3959 457 590 2482 4376 510 2623 590 2247 3315 4338 510
202 457 2418 289 1503 3782 1347 4043 2387 3900
2139 1687 102 62
920 4625 3982 967 484 1967
4066 554 3982 3688 3413 3688 2565 2482 274 550 1694 1996
1681 31 2061 4677 212 3629 4338 2978 2945
2387 2819 4359 2092
2387 4677 2366 527 3434 527 607 1159 2309 442 1615
568 31 3218 2826 1077
4504 2407 3132 3143 4677 2700
655 3668 415 1146 2387 4677 2700
918 985 4172 1260 968 4475 3143 934
325 2533 1433 1411 3524 4151 4385 3677 4301 2061 1867 3515
325 968 1452 3143 2381 2925 3311 3674
2155 1131 2662 4677 2700 4307 2623 881
2970 4309 2029 3819 2917 2754
3654 2482 4677 246 4313 4158 2525
4492 4446 2620 3771 1635 1682 1066
1835 3215 279 1233 2387 4677 3542 2029 4552 710 2947 3936 3192
1835 3854 279 2894 2381 1835 2766 151 3372
1835 2780 590 484 3384 3982 2347 1433 1037
1835 1039 881 2700
1835 3196 1635 1995 3143 590
1835 3156 2570 305 68 4552 4067 116 1208 3218 4723 1830
1835 1763 2570 3987 968 4463 1433 2134 1184
1835 4725 968 1765 2096 3143 1964 2440 835 2061 3423 1247
3245 3854 279 4618 1433 881 3477 235
2031 3193 2309 96 4677 655 1295 881 300 2309 1082 2532
2031 2968 4423 2824 2387 572 2570 2573 803 607 4307 841 4302
136 4677 2826 415 3693 2832 3295 3143 3325 1191 3668 1584 968 3292
1775 3083 3739 31 4632 3840 4721 1818 968 2689
590 2482 4677 4066 2469 4144
590 2482 4677 2700 2568 2029 968 3568 3143 1218 1455 3178
590 2482 4677 732 3860 706 68 575 279 657 2570 968 3329 1072
590 2482 4677 2740 1590 3470 2968 267 2570 1936 3574 1221
590 2482 3450 3506 2454 3982 443 521
590 2482 1843 2970 3982 1975 521 3477 4463 2570 2959 3411
590 2482 2381 2223 2797 3668
590 2482 1208 4677 2461 4065 3955 4270
590 2482 1208 391 1423
590 2482 3218 2132 1208 919 4098
590 2482 4402
590 3445 3929 1897 3143 3789
590 4391 2387 3540 185 3313
590 1683 3143 766 3969 2416 2061 1964 655 2635 2387 968 1072
590 1388 521 614 3982 3061 968 3297 3143 1411 49 1562
590 4649 148 3688 1964 2410 68 968 2700 2309 279 3695
590 4387 2894 3990 968 3328
1411 1852 116 2344 2623 1691 670 2947 1715 4405 220
1411 1887 634 4105 2061 1411 224 992
3653 4187 3982 4162 2335 2894 3770 2570 4432
4655 1096 1697 2573 4677 4420 2924 670 1208 3218 2029 881 2700
328 2482 3629 3194 3882 1219 3574 2391 3982 3574 3865
1871 2309 1479 2061 2845 2617 4338 2857 1680
1208 4677 394 1179
1208 457 1635 4043 3971 2700 2092 2441 3982 1584 68 2461 630
1208 69 3994 4533 346 3143 930 905 946
3905 2688 1319 3982 2135 3143 3450 2017
2197 200 2264 572
1425 4677 3562 3697
4668 3079 1197 2570 968 2820
488 2482 1576 2570 968 2869 2983 749 86 2303
488 3285 2461 638 90 2555 318
24 2309 4677 2949 670 2947 4426 457 590
2533 390 2623 4677 3510 3914 843
4252 457 4677 4492 4002 300 843 838 968 2656 4206 590 2247 465
3281 4338 498 2387 498
1107 875 2402 279 1599 4677 4010
1279 3982 1037 4084 501
3974 3019 191 366 3143 1624 2061 4677 4138 2014 3982 2398 560 3143 3496
4445 1775 3722 1297 2260 3982 22 338
2135 3143 968 1161 1051 116 3239
4140 3982 927 3068 2700
4329 3982 1749 3143 881 3031 159 3445 3530
1407 2570 3225 968 549 68 3377 116 2644 1899
2546 1077 4265 3604 4265 1499 1619
3891 4027 244 154 3982 4460 573 3143 2880 2890 3860 2947 3604
1964 590 2482 3218 3771 3688 1687 3688 619 3143 1411 2502
1964 4121 1964 2566 3218 3477 3143 2880
3218 1715 968 3876 4097 3179 3066 590
3502 4376 590 1552
3502 390 2623 4677 4098 3717
3502 291 2309 2596 2444 2303 4376
2601 590 2482 1208 3579
69 1309 932 1211 1826
3400 2309 3450 1118 853 2570 2573 3785 2387 881 4463
4308 914 1085 3982 1695 3143 2826 2826 4492 888
1050 3959 457 4677 1220 338 2623 2381 1723
554 1517 1461 4677 2761 1339 1455
975 3218 4338 1852 31 4338 1165
2992 1620 2301 2570 1289 4677 572 4376 2010 2745 1144
1848 1916 3982 1503 4376 968 4136 3143 2497 228 1901 452 1942
3225 881 2387 968 4701 590 2068 346 968 4648 3328
2743 2482 971 590 2074 279
3533 2213 2309 521 3424 2570 2573 2826 1077
2254 719 3982 2740 4517 989 4385 1411 49 2022 4386
3757 4623 621 31 3891 2526 3982 3603
4266 2092 2029 68 590 2874 968 509 2482 1929 3835 3143 3323
1126 2309 1486 2570 2210
1391 1294 2309 968 4365
2374 4173 4417 915 2192 1773 956 3936 2730
1718 4640 3588 3979 3982 3141 907
732 3365 31 390 4656 2837
1805 3852 1820 3982 3801 2812 792
875 881 835 202 392 3982 3997
4448 4385 4722 3852 3328 3982 968 1727 3260 2882 2570 1921 1121
1084 3083 3948 4338 1411 4333 12
1302 2387 968 315 3143 968 2886
1911 968 300 2309 4376 3688 3860 3688 2381 2032 3969
68 2482 968 2092 3235 3341 1835 3179 3527 3143 2387 1403 2482 963
968 4477 4103 4276 4669 2570 488 968 570 4160 968 4702
968 600 3143 807 527 590 2482 4677 366 3143 2556 204 3688 572
968 3165 4338 968 911 3905 1721 2061 1271 1499 1273
968 4417 116 3655 2570 2316 2061 3593 1010 68 3891 148 1818 2802
968 1634 1577 2336 1852 116 390 1963 2623 4027
968 1238 3668 3905 197
968 2830 192 3226 3143 2381 1601 1557 1470 2381 1053 3898 3169 3714
968 2734 1151 116 2262 31 590 4512 2887
968 300 2482 676 4649 3218 3015
968 300 2309 457 4677 3719 3143 4704 3982 3915 68 3891 917 4160
968 300 2309 2826 3218 1391 3477 415 3688 4678
968 300 2791 4677 3937 4209
968 3492 2406 2172 2591 1681 2165 590 2335 3351 4677 3817 197
968 2392 3143 237 2309 3218 2212 467 4094
968 1967 805 2852 202 390 457 4677 791 3481 2623 4677 1958 2700
968 2700 2482 1877 2426 2309 1411 4255 3982 2644 2534 3143 1464
968 2700 1003 3450 3070 968 1254
968 2700 4172 3741 3982 4487
968 2700 325 467 2533 2570 2836 2536 1258 4489
968 2700 159 1642 1433 10 2407 3982 154
968 2700 2940 2570 3540 3502 390 2623 4677 4714 332 2029 968 3920
968 3192 3754 1433 2061 2969 515
968 3831 2309 142 3982 4691 2429 3141 1399
968 821 502 968 2700 2482 3871 3083 4488 1635 4364
968 3085 325 329 4460 3982 286 3764 2570 968 4365 3143 2644 3700
968 3031 3143 2700 68 1009 3474 4677 415 4432
968 1354 3654 2693 4385 968 3246 1696
968 3668 2309 4501 3982 4672
968 3668 3982 1852 116 3053 3762 2757 1830
968 3668 4237 1942 2029 4677 1179 3143 1653 933
968 2060 2135 2308 2700 3143 763 2482 2139 1539
968 2424 2309 748 3544
968 3576 2029 3771 1635 1162 2791 4677 3189 3091 4160
968 2676 2482 4556 2335 3372 2968 2029 1433 2840 415 968 2700 2309
968 2929 546 1343 4385 375 2570 2638 2570 3614
968 4314 2309 68 968 4314 4376 2962 4172 3331 1244
968 3967 1651 835 2309 3696 2387 968 2496 991 3598
102 4482 2052 4677 3431 390
275 2482 3218 1830 2570 2732 968 572
275 2309 3218 2381 1816 3143 2208 2029 968 306 3295
881 4714 1992 4649 3854 2533 2570 1310 1231 2482 1004
881 3279 376 2309 1197 873
881 2309 1610 446 2674 3083 1411 3944
881 69 2482 2701 2623 2135
881 4463 1672 2482 2504 325 4147 112
3248 590 4204 623 4173 4489 590 2482 958 650 3083 709
2570 2698 4082 640 968 4217 3749 3142 325 1428 2309 1208 1266
4705 2928 1208 1009 2052 4677 415 2352
521 3954 2570 4175 2267 2387 874
521 2067 3982 521 3455 3428 3596 2570 2573 1591 2244
521 1352 2570 917 4454 3143 1411 2501 4425
521 1698 2387 1411 49 1687
2294 881 2309 3218
1828 2165 590 2335 2573 951 3982 4207 2165 590 2335 2573 4034
4690 1905 575 279 2118 4666 1830
921 2538 3143 3996 3982 1940
751 2373 1124 2387 1161 1104 2387 3048
3529 3982 1060 116 968 4137 709 2177 2570 541 3824 1566
2950 3139 4338 4217 3143 4441 9 1646
1797 590 575 2118 1433 3408
4710 31 4 3315 2577 3704 2029 4677 1747 2326 4338 690
1294 2247 1954 3982 1790 2029 968 3425 2309 2601 1978 3982 1732
3470 590 2062 2570 411 3249 4023 4307 2623 3078 3666
3470 968 3192 3756 2029 968 300 2641 2870
2968 1585 2573 390 1380 2187 4322 4338 4677 398
2968 1585 2894 390 2262 2436 285 2570 1997 2029 968 3830 3814
2968 4423 4307 4160 3726 2303 3982 1040 968 4185
2968 4423 521 1664 3143 968 425 590 1734 2570 2573 881 3548
2968 3179 1390 1329 968 741 1514
2968 4451 1895 2387 2381 562 3982 3218 1987 4677 835
3179 1289 2165 881 3335 855 2309 3785
760 529 1437 2309 1391 4722 3982 330 590 3891 3332 619 4653
1040 881 300 3771 160 452 2570 917 2134 49 24
4677 467 415 1590
4677 4507 3143 1687 996
4677 4607 4189 1854 688 31 4677 688 1919
4719 985 161 3574 4343 1147 1830 2570 1721 1659 4626 2061 1205
3110 68 590 1208 4172 2963 3982 1279
2762 590 2482 2546
3450 968 1852 116 586 3982 3936 1291 2309 3138 154
4488 3232 727 2309 542
775 968 1517 1069 2894 667 4406 2071
2381 3361 1186 1229 2862 4457
15 1643 2853 2570 2985 1707 3982 1379 250
3688 116 1411 980 1411 993 3982 1411 4092
4212 68 2004 2309 596
4331 2309 415
2629 998 3688 3522 2911 4705 931 2482 1546 3793
2407 4084 3215 279
31 1835 2247 279
31 3688 4677 2700 590 2482 4677 561 73 1179
31 3749 2216 2405 3982 1242 2774 3560 2273 2540 4598
31 1715 4677 3793 3179 1524 732
31 54 3192 18 3664 968 2700 4160 4249 2029 1411 1359 3189 562
31 2155 2641 191 2802 3470 2155 815 1433 619 1372 2866
31 3654 2482 968 1872 1651 590 2309 279 1077 1453
31 2029 763 2440 262 2613
31 457 2135 292 590 2791 2570 2534 4375
31 968 1852 4669 2570 2573 1248 1889 2350 116 3891 2437 2212
31 1294 1510 2350 1433 968 1982 575 3218 2207 2049 2387 78 4484
4451 968 3853 4331 2826 2573 3688 415 3688 1411 3406
1966 385 3688 1598 2965
1715 968 3842 2645 2309 390 1072
395 2407
395 2120
395 1027
1156 2894 2570 182 3988 2570 2283 881 2360
793 4677 3205 723 3499 1647
3850 390 4338 2241 2623 2688 191 3668 1587 1897 3143 3956
1827 553 2668 3083 459 2482 3237
325 590 2129 667 213 2570 3225 68 2945 325 1591 1438 4677 1066
2155 325 3218 3253 68 2006 2309 1294 968 1503 116 4376
4492 1433 2728
191 3578 715 2029 2602 4326 68 4157 2381 75 4267 1495 968 859
4516
2840 3215 590 2129 1901 3281
1835 1208 3215 279 2194 3688 3477 2387 968 3668
1835 251 1831
2029 968 4242 977 3334 2309 279 2381 2521 3143 4677 3713
4595 2309 1775
1897 4084 1208 1901 1149 4132 4677 2700 3688 3311 2758
2309 881 2082
590 2482 1843 4127
590 2482 2583 3083 2668
590 1069 3688 1797 2894 667 3994 1058 359
590 4387 279 2573 2134 2646 4217 3143 4529 1979 1512 2947 2639 1568
1949 4552 2395 1160 670 1885 4423 3937 1433 968 2093
457 2926 575 279 4339 619 4301 2387 374
3298 1511 2309 1687 31 1208 4677 2873 2309 1208 4677 1179
4295 1835 2780 968 849 4677 2533 3431 521 907
4298 2029 4065 2651 325 2200 4426 334
1148 2052 2601 2309 2381 4309 2029 2204
1855 4365
2134 569 2570 968 300 2309 709 127 3688 1637
1964 390
1964
3218 1391 3477 4677 2700 3688 4677 2160 3768 2387 968 2192 1042
2380 2288 325 423 3143 3839 794
2601 2031 590 2092 2338 4677 762
2601 590 2482 4677 415 4382 2700
4672 4238 3982 2547 427 239 968 2966 68 968 184 3143 2812 792
4502 2612 2471 37 2387 1946 2155 2335 3218 2573 2548
2947 2968 3179 3854 4426 2262 4133
2947 2374 1651 835
1290 968 300 384 968 1134 3143 424 2482 3713 4338 2374 4217
3879 1167 2777 1195 2573 1201 2029 191 4544 3945 2061 2134 2292
1761 968 4260 2570 444 968 980
2273 3470 1180 2338 390 2696 2623 4663
3663
3923 4222 2258 968 749 1219 4065 572 3982 4065 2872
3923 4222 2309 4677 3141 3384 4165
2374 1230 1102 1069 2894 1445
732 68 2482 1830
4506 2962
875 1835 4056 3218 3840 2004 1294 968 4365 2309
968 2172 2309 4677 3340
968 2700 2714 2607 1964 3275
968 3994 590 2309 2061 2135 3143 4552 934 2309 968 4310
4552 116 1141 2570 2273 2029 4267 2570 512 2052 2029 968 1747
1885 383 457 968 1622 2700 2570 452
3180 13 2980 590 4387 2894 667 3472
881 2309 279 4677 2456 1661 4419 2596 3440 2387
521 415 968 336 1583 4312 575 279 2188 856 730
2991 968 2160 4147 2570 4569 452
2781 2387 1121 670 3982 102 3854 279 2828 590
1294 3446 2061 2543 3968
1294 848 4649 3623 2309 68 1885 4423 1040 4677 158 3969
1584 134 3513 297 1773 4387 2894 667 1208 1826 415 2700
2968 105 3124 2052 4677 3511 3739
2456 2381 306 300 4376 1788 1275 487 2211 1945 268 4419
2456 2134 3875 1835 4056 4357 457 2381 1557 4419
1208 867 989
4677 893 3982 1660 2563 1421 2387 1217 3688 4677 434 85 622
3189 3287 1455 3189 3824 3668 3450 2029 69 3448 1744 300
881 3494 835 1069 2894 390 284 2753 2623 2381 4606 1583 300
927 202 2765 3982 602 457 1111 4677 234 1062 1584 968 4009
4677 784 3317 841 3083 289 871 3143 637 24 1276 2061 1347 4043
2381 924 572 4376 189 3426 3982 257
2381 53 2041 3717 68 2475 1411 2008 3143 4489 3982 2152
2321 4624 325 3654 4677 4048 1584 3048 31 68 2482 354
3067 2585 3982 3920
590 2482 457 1040 4677 3571 3281 1485
2428 1567 1425 4338 4677 3062 4435 3645
2487 2482 3789 1355 3143 3379 3982 968 615 1565 3143 548 2570 257
3502 2309 1268 2029 881 2999
881 300 2791 850 2387 3729 3596 416 1433 3343 891
881 2309 590
3640 4380 3982 126
4677 2018 1439 3143 126 411
3502 3695 3654 1094 2387 2374 3370 3165 3982 2197 3430 2865
968 2700 2309 1208 4677 238 1945 2086
4677 4641 3281 366 3143 3842 382
4677 4307 2676 2387 3450 3703 1069 2573 162 4093 968 181
4677 171 4229 1190 3238 1873 4338 1411 49 3082 2784 3143 3607
4677 1978 1037 248 2136 68 2482 3506 2769 2029 1411 49 4234
4677 1829 425 68 4592 279 3854 3477 2570 402 968 1614
4677 2640 1830 31 3794 2348 243 3143 4280 2482 2490 370
4677 1150 3982 2963 696
4677 655 3645 3461 2402 279 2550 881 1786 3055 346 3143 968 745
4677 205 1263 3143 3978 290 3722 4058 2337 1973
4677 3085 68 2482 3477 521 2192 2387 1411 1025
4677 2987 3143 3663 2366 527 3434 527 607 1151
4677 732 2887 300
4677 3002 3143 2889 4682 3515 2611 2029 2785 2699
4677 1300 3168 314 2570 1113 2946 3755 4338 968 2838
4677 3588 3054 4111 1498
4488 3515 1433 1411 49 1611
3390 4351 2147 1267 1711 3083 586 2092 2381 3299 4387 2921
2381 3003 1077 31 1290 1980 3694 3668
2381 1035 4707 1639 927 2887 1702 530
2381 1026 3370 320 2029 2345 527 3982 1535
2381 4251 770 3143 880 2278 3982 2033
3688 3839 3688 590 2309 718
3083 4540 3609 3982 2989
415
3280 4172 4160 968 3964
694 4677 1805 3719 3143 1054 3982 1462 659 1219 968 4284
2192 4583 4507 3143 4463
3594 3891 2826 138 2570 3074 2036 968 1549 3461
31 2309 68 3763 4385 4420 1464 2947 4677 3673 3143 3523 3735
3512 1433 1411 49 2162 3143 88 1842
2062 2126 3954 2570 2151 2029 968 1778 3143 968 3010 168
4255 2534 3143 374 3947 2947 1715 1348 425
4472 3982 1176 1433 1411 49 2806 3806
2433 1423 1515 2029 2610 2728 531 566 3982 4585 1032
2657 2309 927 4677 3869 2595
537 1584 968 2354 490 2243
574 2029 4677 2422 3820
3854 3218 1289 881 300
3100 325 1964 1124 1964 1464 670 3502 31 4599 3518 989
1423 1615 3982 1031 1652
1715 300 124 3303 4677 2533 735 2955 1687 2391 3982 1136
2603 119 396 2061 737 933 3982 2157 1852
2477 968 201 2427 2377 3700 1208 2061 289 2282
1551 4677 1872 4600
3655 745 3982 4347 443
325 3450 968 1319 3143 4677 3658 683
4568 4040 4576 2061 2635 2831 2309 4677 1797 4619 3806
283 2369 3215 590 4307
1835 1131 2894 2570 3225 968 980 3982 3749 116 968 2192 3327 3654
1835 1585 32 968 1121 2892 2309 4677 3814 390 2262 2623 968 300
1835 4056 1208 521 2773 2570 2194
1835 1331 4677 2553 1040 881 1970 4600
2031 590 2482 943 2407 1797 590 2482 1843 985 76
2031 2092 968 3668 4376 4677 1625 1971 214 2778 2570 2214 968 214
1308 3979 3600 1086 3143 4677 2700
1897 3143 642 2101 4385 802 3822 2335 2894 3940 590 4385 2419
590 2482 4677 4011 1867
590 2482 4677 625 2700 4677 1764 4457
590 2482 694 2381 1972 3841 3143 2776 4385 968 4546
590 2482 1027 31 390 603 590 2482 1208 3218 3695
590 2482 3232 2968 3854 279 2118 2570 968 1503 2387
590 2482 3218 968 347 3797 4292 2700
590 2482 69 179 1562 3470 1715 3126 3339 2385 4346 2758 3551
590 3450 202 457 4677 4241 1814 64 3544 919 1274
590 4594 68 4426 325 667 2930 2029 968 1676 2570 968 1042
590 325 3450 968 4541 3143 681 3836
590 665 2533 2955 968 56 4250 3143 3506 3982 2284 1130 411
590 2362 640 457 4340
590 743 968 857 3982 933 3143 85 3688 3065 3034 2387 1952
1208 69 415 1146 3110 1826
3254 1913 218 3234 1875 760 3143 3274 789 2570 3069 199 4131 1464
3959 2795 2623 1208 1491 968 1200 2309 1390 3070 4206 590 2274
4252 3982 202 457 4677 843 4307 4479 2387 968 1017 1042
3281 2061 1964 4078 3746 3982 3129 4294 2029 3420 2061 638 257
2714 2387 4677 3506 1030 4484 1498
626 2570 2573 4640 2432 4608 3982 2907
2445 2309 1087 4544 3982 3970 3688 2031 1824 3596 1224 2956
1482 3982 4561 3179 1874 2374 1730 1536 3945 968 4217
390 1279 2623 3724
390 3166 4600 2623 103 2868
2700 2012 1901 2592 2570 917 4160 968 4043 3993
2134 3312 2029 4677 2332 2748
2225 1593 3869 3982 173 1715 2031 2968 1039 2094
3308 581 116 3218 2244
3972 709 1944 2482 1575 503 3143 473 24 2309 3952 2443
1964 995 2309 521 4672 2947 288 2387 881 2700
1964 4217 1835 3179 1233 881 2608 3143 1610
3218 2381 4660 2947 1423 300 590 185 3905 3232 1094 1687 1071
3218 4224 968 3957 3336
3218 2092 4198 31 3371 414
69 748 3002 3143 1248
2947 2122 3778 3861
4080 3885 1069 2635 881 300 31 1507 4649 2634 1411 1941 2621
3070 720 3837
1050 457 4677 4038 3982 1972 3214 1374 133 1542
2937 4456 4151 275 2482 2533 2570 2635 4376 881 952 3717
1959 2301 2570 2894 590 4640 2452
985 325 3475 2450 1391 825 3982 2439
985 325 1391 3477 4466 2123 1391 2533 411
4303 968 1226 3143 1411 2863 3143 3120 2040 2061 1411 3843 4167
894 575 279 938 2668 4677 1066 2596 692 4677 1651 4376
337 2442 575 279 4467 607 4677 3967 3814 3143 4489
2335 2894 667 1473 727 527
288 27 3143 3175
1391 3093 3370 68 3705 590 4677 3204 4324 4399 3101 2570 1011
2264 1503 2894 2826 4322 968 2516
968 1002 1746 4387 105 667 4677 4666 4307 2676
968 3881 1188 2387 1916 527 881 1208 383 457 590 3215
968 4417 116 413 31 2944 4074 2309 2382 3982 2578 2050
968 306 2700 2309 4376 4677 2407 2128 851 3540 2407 3982 2128
968 300 2482 2929 3982 2551 116 4160 4488 4385 968 2726
968 3378 4130 2700 4376 4677 925 2029 4409 1620 4439 2570 126 1627
968 2970 300 2309 4488 1675 3688 4677 1888
968 2243 2309 3655 3982 2970 3982 3003 1644 1030
968 1146 3143 3829 1088 582 4135 968 1324 4598 2101 2309 3695 1830
968 4482 3285 3427 968 390 2968 1585 2056 590
968 2700 2304 2570 42 607 2570 968 3321 3143 1411 1900
968 1923 3668 3303 390 4420 2318 1433 1411 3081
275 2482 3218 1830 3654 2570 2430 968 4488 4137 2982
275 116 3192 1181 2192 1830 2387 3346 968 2119 1295 2570 141 1112
1885 2335 2894 906 590 491
1885 1734 4677 748 4463 2570 1901 2570 1411 1623 2172
881 2309 3574 4500 295
881 2309 279 1715 1107 2482 162 989
881 2309 3502 31 745 3730
881 2309 1391 415
881 2700 2309 587
881 69 2309 3485 69 2570 4551 1715 2387 2572 2700 3534
521 3477 3143 590 202 1278 3982 3127
521 3477 3143 968 2243 2591 1681
521 484 521 748 3982 521 2533 3728
2307 718 2738 1684 2692
751 3140 1635 2663 1930 2570 938 2668 968 2446
2990 2482 52 2570 2632 2968 2029 1296 1305 1807 2309 2997
1294 2247 4540 1072 325 667 4020 1391 221 68 590 2601 2791 3362
4677 1829 4526 3981 68 1654 3450 968 3102 3964
1208 3218 908 1830
2309 2381 1933 661 3083 1989 4338 3669 486
3450 68 2482 698 2309 968 361 374 3982 2357
3982 68 4106 4677 2872 2029 968 676 3143 968 1068 2664
3982 968 955 2029 968 4242 2309 3502 3972
3083 1411 3556 590 3723 2029 4677 3719 3143 467 415 3430 2865
31 590 2482 521 748 3982 521 2610 3982 590 1636 2029 4677 2095
31 590 4451 2894 667 2740
31 1411 39 4424 553 4422 968 576
31 881 4436 3905 968 4308 35 2570 3041 968 3034
31 1294 116 2425 969 2029 968 2832 3083 3450
2387 1364 3982 3660 116 3502 390 2623 677 3143 968 2282
2387 4548 968 3668 2309 1208 521 4273
1835 3854 279 3527 1835 440 346 2137 4540
1835 2338 2570 841 989 527 881 2247 3875 3370
2031 968 2139 4298 2029 4065 2247 4466 968 3205 2309 1017 4230
2309 881 2635 2947 2309 590 2716
590 2482 4677 890 4433
590 2482 1208 4528
590 2482 484 670 467 467 484
1208 3784 3982 4677 733 3275 3143 4531
457 2968 4451 279 1329 881 1746 2169 4385 1628 989
1964 3047 2570 4108 3921 4700 968 2700 3255
3218 3771 748 1830
3143 2935 4338 390 2379 4414 590 2482 875 3840 415
1537 148 1433
2947 969 1729 4028 2482 3672 2061 3285 3017
677 2360 2828 2642
2486 1964 4301 2387 374 1561 2947 2804
4708 3437 2387 4557
2374 3143 590 2309 1432 31 590 2309 3891 2159 3387
4426 457 3702 968 3884
3276 3587 2813 415
4448 4385 968 2534 3143 4677 3789 2947 878 1400
68 2482 4677 2814
68 2482 3453 3916 494
968 4242 3831 2309 4677 300 68 2482 2546
968 3994 2061 881 300 2309 68 590 3905 2802
275 2482 1964 4111 4183 2570 4060
275 3179 2573 1964 4043 1784
275 2309 1964 104 2029 1040 4677 1058 2693
881 2700 2791 2570 2894 667 3315 2723 1977
2991 590 2482 3218 2461 2262 1983 2968 2056 2826 415 1503
467 415
1294 2482 520 2456 2134 4061 968 316 4419
1831 2049 4677 3888 4376 4552 3367 4568 3676
2084 1159 2309 2461
2084 1423
2968 4592 279 457 2653 31 2968 4649 159 2921 112
2456 968 4463 3559 4419 2309 4677 2700 68 325 1964 861 2029 3596
1389 4385 883 2303 3674
2309 3218 426
3470 1096 3357 3164 2381 2343 1066 2039 2029 968 2700
